1628
3 5357 5121 8148
3 6404 421 2589
3 5913 6255 5583
3 9906 8785 3629
3 6584 7710 1737
3 3987 7529 5231
3 4386 2094 9487
3 5796 6735 8197
3 1756 8754 2584
3 998 2395 6655
3 6312 2861 59
3 7923 7569 7704
3 5515 9612 7444
3 6632 8873 7262
3 8452 7796 2489
3 5905 398 8407
3 1729 820 6459
3 604 9004 1248
3 7549 7064 4848
3 8603 5886 8733
3 8189 9529 9354
3 8437 9213 6839
3 4449 1524 4318
3 5744 4574 9483
3 4100 6823 4233
3 3904 8479 7108
3 3626 5416 9620
3 1287 6476 2545
3 9383 4004 3697
3 1396 9131 5427
3 4041 2061 973
3 370 3015 847
3 9247 4863 4644
3 2155 7792 6668
3 4631 3135 2222
3 1492 9618 7168
3 5363 2752 5570
3 2843 2687 44
3 453 8284 2117
3 7100 1561 8775
3 3505 461 9765
3 4036 3295 1423
3 8287 2932 8854
3 8004 6640 1385
3 3273 8591 5616
3 3715 2345 5918
3 2096 9813 6639
3 3420 674 7936
3 5090 1556 5251
3 4695 2935 2331
3 666 6762 3825
3 2598 9959 1677
3 6756 4147 1114
3 1081 5001 5592
3 8689 8384 8119
3 9818 7525 6196
3 1388 5989 864
3 6613 4106 948
3 683 9888 5526
3 3942 8911 8320
3 9128 5211 5083
3 4473 4194 3149
3 8585 7369 5052
3 8777 7515 2819
3 2459 936 7819
3 4670 2968 132
3 7577 3484 2246
3 962 8814 8240
3 7863 876 7939
3 2723 7368 8837
3 752 9256 8991
3 3457 8392 110
3 7950 7290 7208
3 3176 7101 2728
3 2196 371 8636
3 684 9267 8641
3 4808 2212 281
3 5791 6240 2499
3 63 9614 5602
3 7259 4090 3656
3 2475 714 9019
3 2064 1101 9894
3 5651 4916 7834
3 3678 1013 1491
3 839 7945 5048
3 3765 3024 2548
3 6170 7198 4961
3 4405 9965 5945
3 1115 1071 1004
3 7937 4685 3302
3 2124 1233 4579
3 8152 3795 3272
3 9986 5042 9295
3 7104 6677 3647
3 2141 384 7927
3 2070 2008 1734
3 7135 6782 5101
3 4702 6495 5773
3 854 8058 4430
3 2115 1707 1214
3 1164 336 7540
3 7201 5046 4957
3 2080 8639 7409
3 5214 4917 4788
3 2922 2558 443
3 8063 7896 1341
3 7825 5653 3499
3 7961 7202 6702
3 976 49 9307
3 6381 4964 4886
3 1830 1146 9568
3 7313 6176 4509
3 3463 818 4983
3 82 8612 6107
3 5295 3792 7757
3 7595 5772 3047
3 5982 4874 4135
3 3940 3607 3096
3 2727 5713 2274
3 2228 9305 8338
3 6252 3896 2964
3 3566 3228 1353
3 636 8608 8485
3 7136 4322 3309
3 1210 7305 5310
3 887 7543 6168
3 4240 3293 1851
3 9433 8322 7516
3 6550 4925 4406
3 71 1988 9129
3 8745 6935 1203
3 9866 7551 4940
3 1671 5625 1955
3 9795 7145 9527
3 4185 1812 7
3 8116 5383 4141
3 3437 7579 5219
3 4131 47 8465
3 7326 3114 2456
3 1450 1322 594
3 9552 8851 4167
3 7359 4637 4235
3 2259 3142 3042
3 9 7231 1713
3 1094 766 5652
3 5006 4655 1742
3 9690 9539 7583
3 3686 1934 2686
3 532 5873 9525
3 7715 5494 4561
3 4074 2962 9263
3 8803 4657 3844
3 8553 3072 2481
3 727 7083 4847
3 1895 1050 723
3 6957 6129 4475
3 4112 9917 9532
3 9235 8387 8250
3 7447 4102 3357
3 2759 7088 4374
3 2982 62 8736
3 7196 2736 2293
3 8332 3519 1946
3 3196 954 8375
3 7648 7308 7032
3 213 9946 9196
3 8010 4320 859
3 9063 6547 5163
3 2045 1591 6882
3 5777 4076 2726
3 1724 1418 8767
3 8193 7725 6611
3 5904 4619 3337
3 2342 2060 9106
3 6178 3689 2652
3 1568 850 4402
3 2340 992 9119
3 5172 8644 3155
3 2544 9966 4995
3 4912 4638 4490
3 1433 9747 6558
3 3672 3170 2642
3 1621 3775 3648
3 2749 2085 586
3 9576 9344 8626
3 5729 3757 201
3 120 8601 7851
3 7494 7451 6913
3 6534 6038 5686
3 3781 3542 7643
3 4139 3257 2828
3 8478 6571 8397
3 8138 7148 6567
3 5931 4550 774
3 7814 7545 7464
3 5156 3889 2628
3 9542 8186 3593
3 2323 1763 403
3 9302 6134 4244
3 4150 2870 2862
3 676 328 7862
3 6537 4058 3475
3 3376 3112 2795
3 9713 9275 9151
3 8997 2308 2300
3 18 9559 8865
3 8187 7079 6927
3 6467 4959 58
3 5081 4390 2814
3 2213 2036 1383
3 9900 8267 8242
3 8233 7316 5366
3 4044 8115 3869
3 3840 3708 3451
3 8259 4480 9528
3 8506 7703 7445
3 7166 6171 6147
3 5609 1711 8849
3 8616 7673 5845
3 3842 2123 778
3 446 9873 9320
3 9243 8079 2305
3 1160 2267 2160
3 1936 1839 1049
3 11 8094 5540
3 3583 3526 8430
3 8101 5096 4837
3 3126 2313 2243
3 1136 654 245
3 9605 8167 6359
3 6123 6050 2023
3 1552 333 9514
3 7944 7267 5359
3 3913 1509 5324
3 5136 4284 3950
3 2985 9921 8509
3 7726 9374 8286
3 8036 7953 7385
3 5854 4551 2944
3 687 7008 6777
3 6580 6300 4902
3 2920 2282 373
3 9784 8367 7522
3 6842 5209 4498
3 3745 3106 2535
3 1767 706 9289
3 7466 6481 3899
3 3632 3618 1845
3 1231 9340 7922
3 3253 2817 2674
3 1427 65 9856
3 8348 6060 5665
3 2203 9722 9283
3 8701 7026 6989
3 6985 5600 4690
3 2718 177 9942
3 9732 7700 463
3 8026 7756 5622
3 3002 2994 593
3 9111 8563 8346
3 7920 5919 4965
3 4151 3083 1359
3 9691 8721 8697
3 8047 7050 6638
3 6582 4516 2941
3 2572 1996 1096
3 780 9649 8834
3 7212 6313 3229
3 1817 1357 9252
3 8253 6329 2619
3 9778 2364 1085
3 745 9366 7209
3 5962 4951 4137
3 3485 2571 1372
3 1336 522 9779
3 9443 8839 6363
3 6316 4582 3356
3 2802 2009 717
3 103 9751 8477
3 6602 6477 4352
3 4351 2112 1861
3 709 565 251
3 6426 3368 2647
3 67 8811 5909
3 5891 2351 9365
3 9154 9123 8199
3 7119 6994 3443
3 2905 9124 7629
3 5793 4259 3089
3 1340 645 257
3 6 8751 8614
3 7981 7671 5492
3 2536 1976 214
3 171 9585 9325
3 7330 6415 4884
3 3379 2095 1787
3 1510 1202 332
3 9806 9629 9546
3 8947 7911 7489
3 4477 4357 4293
3 4134 3496 2162
3 1701 1344 5593
3 5239 3308 3214
3 3062 60 9968
3 9363 8923 8501
3 8200 8163 6666
3 5544 4867 4557
3 2957 1820 1001
3 188 9974 9930
3 9511 8835 8529
3 6914 5330 5149
3 1717 877 750
3 8779 8003 7934
3 6956 5733 5518
3 5244 5236 4222
3 1975 1740 7391
3 7057 6342 6297
3 5991 5332 4711
3 1505 9545 8658
3 8651 7613 4977
3 4727 2776 1800
3 1564 1351 321
3 9166 7677 3730
3 2575 1883 1364
3 924 296 8431
3 8040 7439 7415
3 6188 4696 4331
3 3750 9962 7344
3 7153 5970 5758
3 5529 4572 3120
3 2245 1965 1249
3 9426 9419 8990
3 8915 7647 7210
3 1747 1522 791
3 9550 8449 8168
3 7699 5808 5131
3 5028 4717 4415
3 4161 3579 2509
3 8579 8056 7972
3 6738 5835 5683
3 5488 3473 1743
3 9397 9341 9271
3 8418 7824 6616
3 6042 5728 5074
3 3655 2573 2265
3 2043 1714 1061
3 767 96 9569
3 8866 7250 6627
3 6419 6273 3087
3 1673 902 301
3 55 8607 8548
3 8470 6144 5720
3 3845 3830 2952
3 1523 1200 631
3 264 9853 9626
3 9566 8625 7524
3 6742 4870 3834
3 3223 1889 1636
3 1178 797 773
3 385 197 9797
3 9572 8702 8487
3 6410 6309 6226
3 5553 5155 3306
3 3167 2809 2089
3 1508 9048 8659
3 8132 6377 6336
3 4960 4367 3978
3 3137 2055 407
3 9250 8183 7748
3 7567 7436 7155
3 6192 5864 5375
3 4600 3905 1810
3 1476 5610 4649
3 3673 3557 2612
3 1948 730 9718
3 8671 6384 4524
3 4079 3870 3791
3 3271 2486 1998
3 1228 278 9952
3 9689 6769 6058
3 4861 4200 4043
3 875 9843 9746
3 9265 8940 8707
3 6747 6198 6028
3 5308 3001 2353
3 283 9871 7253
3 5476 3944 3857
3 1912 1429 3
3 9078 8172 7302
3 6662 6010 5170
3 2912 1483 85
3 9507 8677 8297
3 8204 7443 7412
3 3997 3367 2000
3 1140 432 9755
3 8453 7880 7118
3 6578 4706 4532
3 4527 4179 3278
3 1853 1587 1040
3 915 884 836
3 263 8683 8442
3 7103 7095 6981
3 6483 6146 6012
3 5207 5203 4607
3 4469 3028 2927
3 1720 9695 8670
3 7978 7696 6320
3 6110 5849 5803
3 3885 3728 3022
3 995 513 8964
3 7618 7617 7319
3 6757 3508 2585
3 1821 1378 1224
3 634 464 8929
3 8722 7603 7296
3 6370 4883 4617
3 4565 4474 3518
3 2877 1253 1037
3 9908 8932 8750
3 7861 6498 6444
3 5197 5174 4307
3 3877 3736 3561
3 3037 1708 1681
3 1073 9464 9359
3 8895 8692 7759
3 5785 4871 4786
3 3375 3362 3248
3 2939 1923 1684
3 1542 1526 1117
3 9599 8524 7536
3 5902 4439 4038
3 2937 2627 1484
3 1154 1152 1116
3 559 137 8328
3 7870 4361 3892
3 2488 1571 520
3 9880 8956 8874
3 6367 6296 5462
3 5278 4521 4292
3 3511 9197 8637
3 8466 7823 7678
3 5823 4975 3853
3 2798 2592 9849
3 9769 7178 7041
3 6656 6231 5839
3 5547 5341 3544
3 3107 3055 1833
3 1261 916 9961
3 9907 9425 8527
3 7463 6965 6605
3 6577 6220 5941
3 5705 4946 4668
3 2600 2566 1712
3 1361 970 174
3 172 56 17
3 9984 7255 6938
3 5998 5441 5378
3 2185 1726 7238
3 7215 7130 6389
3 5548 5503 2368
3 846 760 529
3 9350 9014 8516
3 7363 6715 5250
3 4604 3769 3050
3 145 10 9092
3 8931 8363 7740
3 6856 5563 5446
3 5151 4731 4663
3 3969 3746 3516
3 2106 1765 1570
3 1430 1234 844
3 738 688 451
3 297 9168 8714
3 6752 6583 5649
3 5271 3134 2716
3 1601 1122 923
3 525 208 9895
3 9741 9597 7778
3 7624 7218 6540
3 6526 6364 6266
3 6205 5579 5325
3 5118 2766 2165
3 1827 1487 1197
3 912 556 9161
3 9121 8239 7149
3 6133 4093 3540
3 3104 2407 1963
3 926 164 139
3 9450 9214 9182
3 8833 8673 8081
3 7558 7518 6396
3 4990 4491 3258
3 2649 2295 2221
3 2007 117 8161
3 8059 5948 5017
3 5013 5007 4230
3 2484 1648 1589
3 9594 9390 9246
3 8824 8650 8044
3 7839 7499 6451
3 6052 5899 5627
3 5574 4627 3674
3 2804 211 8293
3 8198 7692 7346
3 7152 6149 5875
3 5056 4126 3691
3 2879 2309 628
3 480 9135 8617
3 7983 7204 6680
3 2848 2555 2127
3 1010 642 87
3 9719 9490 8247
3 7318 6721 6623
3 6102 3932 3276
3 3029 2836 2590
3 1825 1015 9588
3 8653 8609 8305
3 7752 7278 7151
3 6645 6215 6157
3 5879 3828 3608
3 2811 2125 656
3 9776 9580 9471
3 9414 8606 7954
3 6731 6036 4555
3 3973 2872 1876
3 1866 1847 1735
3 900 597 289
3 178 9286 6256
3 6193 5513 5487
3 4859 4650 3692
3 3677 3480 3239
3 2516 1943 1620
3 206 28 9852
3 8652 7375 5824
3 4671 2538 1856
3 1464 1159 931
3 9499 9382 8578
3 8134 6703 6685
3 6350 5815 4170
2 2226 1393
2 1311 1056
2 590 9276
2 6531 4573
2 4522 3891
2 3808 3527
2 2697 1819
2 1632 8434
2 8258 7888
2 7764 6152
2 6111 5981
2 5559 5061
2 5058 4792
2 4496 3132
2 3092 2999
2 1205 1129
2 834 8537
2 8468 6984
2 6741 6443
2 6206 4054
2 2732 1994
2 1877 1260
2 307 151
2 124 9637
2 9407 9238
2 8684 8342
2 7875 7475
2 7105 6053
2 5094 4933
2 3895 1874
2 1718 53
2 9799 9241
2 8967 7734
2 7542 6228
2 4997 4725
2 3573 2705
2 2190 1888
2 1642 1562
2 589 290
2 236 142
2 9748 9675
2 9165 7777
2 7512 7413
2 6306 4857
2 4814 4611
2 4055 3980
2 2428 2091
2 9730 9714
2 9326 7884
2 7610 5418
2 5371 4865
2 4661 4442
2 1884 1704
2 9864 9761
2 9602 9530
2 8907 8035
2 8032 7993
2 7361 7219
2 6932 6676
2 6651 6628
2 5710 4774
2 4692 4636
2 4592 4091
2 3297 2490
2 253 9376
2 7659 7406
2 7286 6849
2 6155 5644
2 4989 4875
2 4703 2765
2 2241 2020
2 1445 540
2 6557 5794
2 5517 5235
2 5044 4716
2 4381 4363
2 4066 3924
2 3912 3558
2 2854 1837
2 1282 735
2 648 362
2 9976 9896
2 9523 8176
2 8123 7841
2 7662 7526
2 7090 6827
2 6326 5035
2 4926 4506
2 4187 3945
2 3839 3802
2 3654 2887
2 2565 2254
2 1440 9016
2 8423 7594
2 7074 7003
2 6733 6365
2 5671 5020
2 4904 4771
2 4656 3553
2 3531 2461
2 2400 1595
2 1023 898
2 9922 9650
2 8241 7733
2 7382 6976
2 6794 6380
2 6366 5916
2 4410 4089
2 4064 3567
2 3498 2806
2 1598 534
2 8333 7037
2 6673 6289
2 5530 5474
2 5389 4773
2 4559 3422
2 2457 2081
2 2006 1467
2 1406 1339
2 358 9453
2 9368 9220
2 8597 7683
2 7432 7374
2 7356 6436
2 5355 5205
2 4412 2320
2 1723 1533
2 1332 9988
2 9848 9456
2 8861 8432
2 7914 6988
2 6800 6076
2 5898 5336
2 4879 3906
2 3760 2783
2 2375 1471
2 960 404
2 210 147
2 8019 6857
2 6361 4495
2 2907 1584
2 1422 689
2 622 489
2 33 9879
2 9468 8938
2 8889 8715
2 8376 7821
2 6778 6514
2 6490 5489
2 5457 5178
2 4720 4478
2 4375 3718
2 3323 1609
2 909 146
2 9043 8648
2 8153 7943
2 7818 7785
2 7768 7534
2 7426 7419
2 6528 5633
2 5551 5086
2 4766 4639
2 4011 3704
2 3145 2462
2 2389 2381
2 9726 9684
2 9561 9361
2 9192 8898
2 8894 8150
2 8043 7530
2 7310 7249
2 7230 6784
2 5869 5856
2 4452 3617
2 3582 3244
2 2874 2401
2 2398 1021
2 737 9703
2 9072 8845
2 8823 7592
2 7175 6340
2 6016 3914
2 3882 3595
2 2260 1529
2 396 9631
2 8954 8299
2 7917 6870
2 6585 6208
2 5901 5776
2 5467 4953
2 4057 4026
2 3983 3559
2 3352 3299
2 3153 2129
2 1930 1922
2 1512 150
2 9971 9222
2 9143 9122
2 8679 8425
2 8325 7990
2 7013 6202
2 5920 5865
2 5461 5380
2 5255 5085
2 3966 3371
2 1952 835
2 635 198
2 39 9429
2 8746 8712
2 7770 7454
2 7116 6834
2 6466 5832
2 5522 4907
2 4823 4467
2 4202 3985
2 3749 2191
2 1886 1090
2 9802 9667
2 9549 9221
2 9062 8682
2 8238 7966
2 7956 7596
2 7010 6649
2 5724 5556
2 5531 3339
2 3188 3075
2 947 804
2 512 359
2 32 9828
2 9734 9606
2 9183 9091
2 7689 7480
2 6724 5615
2 4704 4124
2 3564 3136
2 3129 2134
2 1822 1507
2 711 9868
2 8519 7809
2 7221 7220
2 6700 6421
2 6184 5908
2 5896 4887
2 4640 4016
2 3811 3428
2 3011 2924
2 2277 1761
2 1347 678
2 149 45
2 9173 8276
2 7970 7876
2 7731 7186
2 6873 6705
2 6574 6243
2 5756 4208
2 3322 2707
2 2343 2167
2 2148 1256
2 1100 300
2 170 9096
2 8632 8263
2 8196 7964
2 6811 6446
2 6264 6160
2 5584 5566
2 5451 5047
2 4514 4465
2 3991 3694
2 3641 2024
2 1382 849
2 313 0
2 9573 9459
2 8562 8264
2 6637 6248
2 6203 5939
2 5164 3724
2 3121 3020
2 2467 2278
2 2198 611
2 471 9978
2 9752 8908
2 8752 8517
2 8027 7984
2 6903 6681
2 6659 6553
2 5954 5277
2 5166 4949
2 4708 4335
2 2672 2495
2 1908 1047
2 9996 9987
2 9891 9583
2 9299 8133
2 7975 7424
2 7386 6942
2 6726 6596
2 6522 6015
2 5657 4659
2 2983 1199
2 1174 1157
2 1044 9328
2 9210 9068
2 8801 8711
2 7425 6648
2 5947 5860
2 5240 5040
2 4992 4340
2 4215 3818
2 3681 2875
2 2367 1569
2 1181 1179
2 9633 9038
2 7727 7384
2 6112 6017
2 5721 5449
2 5362 4511
2 3412 3226
2 3203 3127
2 2337 1593
2 1411 1106
2 708 541
2 433 9836
2 8222 8143
2 7521 7509
2 6719 6022
2 5836 5763
2 5173 4790
2 3517 2062
2 562 9721
2 8210 8160
2 7500 6478
2 6246 5813
2 5536 4456
2 4419 4286
2 3894 3563
2 3031 2702
2 2506 1840
2 1668 1616
2 1381 825
2 514 9486
2 8864 8863
2 8828 8696
2 8667 8413
2 8202 7555
2 6351 5496
2 5157 4206
2 4052 2601
2 2296 2025
2 355 204
2 8810 8336
2 8139 7877
2 6713 6492
2 5730 4958
2 4359 3105
2 2120 1768
2 1751 1400
2 968 889
2 608 9995
2 9935 9920
2 8977 8876
2 8031 8006
2 7751 6864
2 6280 6275
2 6051 5872
2 5198 4742
2 4188 4092
2 3596 3330
2 2954 2437
2 2329 2159
2 1535 1409
2 1012 465
2 70 9418
2 9269 9198
2 8919 7633
2 6960 6263
2 5368 4943
2 4858 4801
2 4228 3972
2 3809 3657
2 3235 3004
2 2578 2033
2 1843 1321
2 955 919
2 530 240
2 234 9768
2 9716 9600
2 9519 9187
2 9028 8454
2 8215 8089
2 7924 7729
2 7614 7397
2 6576 5751
2 5606 5082
2 4000 3926
2 3311 2746
2 1640 1062
2 456 431
2 430 270
2 131 9767
2 9699 9446
2 9332 9201
2 8137 7995
2 6964 6698
2 6097 6008
2 5208 4046
2 3939 2949
2 2786 2762
2 2661 2604
2 2193 1939
2 1750 1330
2 978 620
2 500 372
2 97 9656
2 9584 9538
2 9431 9086
2 8447 8401
2 7663 7170
2 6890 6761
2 6161 6003
2 5986 5191
2 4796 4534
2 4301 3956
2 2977 2632
2 2072 1980
2 1744 1259
2 1036 673
2 439 136
2 9944 9398
2 8822 8180
2 7991 7457
2 7407 6844
2 6835 6824
2 6565 5482
2 5245 4942
2 4798 4221
2 3590 3212
2 2772 2713
2 2694 2514
2 2102 1796
2 1519 1475
2 885 9413
2 8568 8435
2 8383 8326
2 8252 6352
2 6137 4104
2 3370 3280
2 2595 2399
2 2074 1961
2 1649 1318
2 956 183
2 24 9855
2 9083 9075
2 8859 8037
2 7895 7881
2 7800 7674
2 6887 6809
2 6463 6450
2 6197 6121
2 5752 5732
2 5666 4777
2 4635 4502
2 4387 4238
2 3793 3344
2 3060 2207
2 1694 1279
2 86 37
2 9036 7586
2 7554 7471
2 7461 6302
2 5994 4839
2 4783 3822
2 2953 2891
2 2881 2297
2 1983 1546
2 457 9009
2 8900 8815
2 8314 7812
2 7724 7410
2 7362 7357
2 7320 6972
2 6963 6959
2 5897 5168
2 4595 4400
2 4358 4248
2 3543 3364
2 1755 1538
2 756 602
2 487 458
2 9137 9094
2 9047 9035
2 8930 8766
2 8353 8093
2 7387 7206
2 7094 6915
2 6471 6311
2 5024 4596
2 4434 4399
2 4116 3951
2 3141 3052
2 2903 2608
2 2596 2210
2 2149 2144
2 335 9838
2 9578 9564
4 9215 9114 8486 6506
4 6353 6332 4504 4339
4 3875 3347 3021 2956
4 2785 2741 2610 2028
4 1536 1371 801 462
4 392 221 9659 7889
4 7850 7602 7078 6925
4 6818 6448 6127 5628
4 5066 4994 4069 3789
4 3651 2892 2859 2837
4 1688 1678 1161 40
4 9820 9709 8663 6232
4 6175 6148 5233 5181
4 4982 4877 4736 3887
4 2469 2412 2059 1453
4 802 725 168 31
4 9993 9651 9394 8737
4 8543 8438 8028 7959
4 7859 7694 7632 7557
4 6944 6328 6229 5125
4 5106 4688 4291 4097
4 2685 2683 2307 1778
4 1426 1009 842 840
4 739 502 9678 9595
4 9540 9223 9015 8576
4 8426 8022 7960 6725
4 6699 5817 5128 4549
4 4488 3841 3318 3012
4 2169 2101 1959 1220
4 644 639 615 511
4 402 393 343 325
4 152 78 9489 8804
4 7742 7395 6473 5959
4 5719 5631 5558 4787
4 4689 4567 2950 1869
4 1043 613 229 9227
4 8950 8643 8256 7971
4 7803 7423 6034 5882
4 5676 5422 5190 4099
4 4031 2388 848 793
4 68 34 9957 8903
4 8097 7994 7697 7631
4 7532 7314 6952 6746
4 6315 4880 4855 4826
4 3903 3743 3679 3555
4 3123 2472 2242 1979
4 1807 1377 1165 1080
4 953 726 9892 9887
4 7581 7430 7132 6452
4 6225 6005 5881 5850
4 5731 5443 4969 4723
4 3698 3515 1892 1270
4 1167 640 579 467
4 413 305 252 20
4 13 9475 9274 8629
4 8571 8398 7666 7176
4 6922 6357 5951 5212
4 4811 4298 4047 3509
4 3396 2669 2304 2215
4 2164 2137 2002 1590
4 1502 860 477 153
4 76 9280 7826 7496
4 6674 6563 6479 6291
4 6189 6095 6046 5950
4 5863 4750 4451 4267
4 4173 4078 3665 3621
4 2929 740 346 57
4 9524 9337 8212 7951
4 7906 7713 7036 5829
4 5161 5146 4922 4679
4 4554 4279 4246 4245
4 4155 3581 3246 3233
4 2898 2629 2527 2432
4 2358 2232 2019 1953
4 1586 1549 1369 649
4 414 395 293 193
4 9830 9065 8986 8821
4 8456 8206 7804 7565
4 7252 7024 6740 6544
4 6210 6104 5346 5026
4 4662 4249 3902 3761
4 3449 3146 2799 1416
4 1276 949 937 83
4 9526 9313 9234 9157
4 7194 6244 5895 4747
4 4314 4311 4030 3838
4 3504 3482 3261 3161
4 2824 2751 2634 2533
4 2531 1650 1504 1286
4 1194 1084 868 568
4 554 9543 9294 9105
4 8675 8498 8229 7813
4 7743 7653 7236 7197
4 6630 6270 5714 5387
4 5200 4856 4653 4537
4 3806 3773 3748 3431
4 3263 2668 2529 1793
4 1516 444 23 16
4 9810 9692 9635 9496
4 9488 9458 9333 8965
4 8440 8277 7963 7490
4 7018 6664 6294 6258
4 5672 5401 4767 4501
4 4398 4328 4176 3930
4 3911 3332 3174 2303
4 2047 1532 1527 1514
4 1250 1118 1032 1031
4 982 9958 9680 9551
4 8952 8642 8355 8201
4 7559 7150 6920 6828
4 6612 6245 5237 4914
4 4892 4841 4623 4578
4 4001 3316 2442 1986
4 1891 1452 1296 1201
4 675 9711 9260 9251
4 9085 8729 8727 8654
4 8289 8179 6962 6852
4 6822 6744 6693 6569
4 6510 6494 6430 5980
4 5834 5373 5199 5175
4 5059 4935 4713 3880
4 3824 3513 3125 2712
4 2671 2422 2264 2143
4 1618 1606 1027 499
4 9858 9149 9022 9002
4 8918 8177 8067 7761
4 7622 6093 5769 5641
4 5043 4898 4775 4605
4 4447 4164 4144 3747
4 3407 3099 858 459
4 365 225 9655 9272
4 8981 8897 8808 8593
4 8235 7957 7828 7418
4 7237 6604 5400 5097
4 4407 4095 3570 3147
4 2328 115 30 9985
4 9624 9611 9181 8567
4 8382 7849 7600 6846
4 6600 6130 6118 4562
4 3547 3274 2402 2335
4 1951 1898 1806 1058
4 185 123 9073 8978
4 8756 8472 8108 7721
4 7190 7048 6851 6766
4 6727 6590 6398 6323
4 6126 6002 5831 5471
4 5098 4558 4482 4156
4 3355 2946 2570 2235
4 1978 1865 1669 1132
4 1110 576 94 9927
4 9771 8806 8753 8393
4 8388 8340 7899 7868
4 7665 7616 7315 7273
4 7247 7127 7085 6993
4 6899 6669 6472 6090
4 6078 5442 5077 4840
4 4694 4546 4325 4197
4 2466 2240 2220 2205
4 2046 1639 9859 9745
4 9613 9338 8734 8572
4 8372 8129 7805 7693
4 7634 7329 6711 6524
4 6304 6223 5944 5812
4 5505 5041 5019 4804
4 4489 3883 3615 3587
4 3078 2591 2582 2333
4 1835 1754 1288 896
4 473 8640 7460 6774
4 5323 4564 3506 2911
4 2294 2216 2105 1848
4 1774 1271 1266 899
4 516 160 9948 9877
4 9603 9013 9003 8573
4 7815 7275 6990 6739
4 6697 6671 6560 6356
4 5800 5702 5621 5613
4 5460 5189 5140 4172
4 3884 3878 3664 3324
4 3265 2730 2549 2234
4 1849 1313 1212 1192
4 1137 419 143 101
4 22 9134 8996 8994
4 8021 7491 7123 7121
4 6803 5276 4746 4312
4 4308 3933 3439 3281
4 3038 2754 2237 2199
4 2136 1653 1086 9744
4 9679 9261 9029 8773
4 7931 7686 6581 6064
4 6063 5397 5268 5171
4 5134 4255 4217 3849
4 3578 3402 3097 2793
4 2781 2453 2390 1699
4 906 753 558 417
4 9844 9230 9194 9008
4 8716 8411 8084 7510
4 6831 6636 6595 6414
4 6035 6023 5903 5598
4 5523 5426 5234 4918
4 4818 4599 4394 4196
4 4136 3873 3782 2852
4 2417 2289 2268 2016
4 1656 1488 1480 1461
4 1170 1127 796 550
4 381 9901 9759 8793
4 8789 8759 8464 8316
4 8166 8049 7786 7400
4 7233 7117 6520 6261
4 6132 6096 5253 5246
4 4678 4630 4613 3888
4 3817 3491 3381 3131
4 2951 2775 2621 2444
4 2406 1783 1624 1172
4 1093 828 472 219
4 159 8987 8633 8618
4 8539 7903 7788 7684
4 7309 6953 6529 6517
4 6432 6373 6227 5770
4 5736 4910 4094 3965
4 3783 3442 3334 3300
4 3262 2731 2334 2068
4 1985 1867 1814 1665
4 1627 1404 893 845
4 279 217 133 9575
4 9535 9534 9502 8165
4 7969 7925 7501 6180
4 5972 5966 5917 5586
4 5577 5398 5391 5313
4 4932 4487 4479 4193
4 4088 3744 3721 3584
4 3401 3312 2987 2750
4 2711 2554 2281 2065
4 1836 1801 1781 1221
4 1208 610 218 9660
4 9200 8665 7980 7898
4 7675 7388 7371 7110
4 6812 6586 6417 5370
4 5132 5104 5064 4894
4 3927 3862 3539 3445
4 2722 1904 1899 1646
4 1184 990 669 651
4 401 9941 9882 9846
4 9770 9754 8694 8638
4 7695 7672 7502 7289
4 7065 5599 5594 5481
4 4981 4544 4538 4529
4 4428 3947 3929 3411
4 3216 3124 3085 3076
4 2947 2464 2376 2326
4 2184 1716 1638 1292
4 934 545 89 9356
4 9209 9156 8934 8842
4 8584 8525 8268 8015
4 7907 7902 7664 7043
4 6770 6405 6259 5511
4 5345 4669 4628 3807
4 3521 3424 3017 2560
4 2173 2087 1935 1928
4 1683 1299 1130 977
4 827 771 757 292
4 249 163 144 9670
4 9140 9089 8732 7744
4 7608 7177 7096 6973
4 6958 6805 6497 6409
4 6307 6068 5122 4833
4 4163 3580 3115 2990
4 2835 2567 2480 2463
4 2057 2050 2022 1870
4 1469 1138 1120 930
4 894 304 207 9860
4 9785 8853 8776 8709
4 8273 7962 7553 7274
4 7223 7134 7014 6331
4 5804 5429 4882 4842
4 4646 4553 4149 3941
4 3610 3313 2011 1331
4 1209 691 618 316
4 288 241 199 157
4 9491 9225 9179 9152
4 8886 8502 8409 8298
4 8068 7878 7642 7640
4 7544 7216 7163 6897
4 6541 6425 6301 5725
4 5514 5192 4948 4392
4 4337 3893 3541 3353
4 3186 3178 2564 2227
4 2179 865 728 643
4 356 287 9863 9710
4 9647 9406 9367 9100
4 8870 8645 8534 7795
4 7546 7298 7229 7019
4 6904 6513 6387 6213
4 5718 5663 5578 5550
4 5329 5254 5206 5182
4 5060 4789 4714 4468
4 4355 4226 3753 3006
4 2805 2418 2288 1971
4 1958 1841 1652 1574
4 1277 1227 862 819
4 616 108 9885 9870
4 9617 9553 9329 9232
4 9172 8941 8740 8310
4 8141 7948 7087 6814
4 6796 6629 6087 5952
4 5848 5825 5741 5658
4 5612 5534 5424 4634
4 4598 4508 4143 3798
4 3536 3438 3425 2841
4 2563 2239 2163 1809
4 1495 867 784 733
4 425 186 9590 9582
4 9570 9423 9158 8564
4 7556 7349 7091 6620
4 6484 5958 5771 5611
4 5573 5510 4791 4693
4 3812 3712 3209 3208
4 2689 2577 2435 2344
4 2318 2201 1700 1661
4 1615 1563 1479 1376
4 800 769 378 348
4 347 226 9876 9862
4 9555 9346 9314 8771
4 8321 8309 8103 7799
4 7441 7434 7365 7333
4 6748 6253 6125 4986
4 4906 4726 4518 4403
4 4290 3917 2152 1685
4 1403 1099 789 719
4 383 189 128 9954
4 9819 9205 8493 8347
4 8086 8064 7946 7835
4 7758 7580 7541 7459
4 7140 7060 6917 6701
4 6692 5409 5316 5294
4 5183 4939 4709 4211
4 3213 2586 2470 2451
4 2012 1949 1909 1788
4 1494 1235 1196 1131
4 958 633 441 415
4 349 9737 9323 8960
4 8686 8379 8282 8080
4 6457 6456 6279 5379
4 5343 5148 4996 3949
4 3860 3859 3784 3327
4 2878 2550 2382 2356
4 1993 1868 1799 1679
4 1284 1230 1188 1180
4 1119 863 831 703
4 361 291 203 9999
4 9372 8875 8726 8412
4 8406 7965 7807 7669
4 7507 7479 6843 5779
4 5694 5410 4621 3821
4 3247 2498 2483 2384
4 2035 1818 1732 1611
4 1335 1323 1105 935
4 782 693 509 405
4 388 280 4 9807
4 9663 9102 8985 8970
4 8955 8784 8410 7753
4 7307 7251 6407 6233
4 6085 5833 5699 5051
4 4950 4734 4675 4664
4 4633 4632 4344 4330
4 4254 3787 3394 2789
4 2579 2378 2324 1135
4 1133 1111 1074 1046
4 922 268 258 227
4 200 9742 9724 9701
4 9636 9604 8791 8523
4 8461 7791 7667 6983
4 6635 6500 5977 5844
4 5356 4979 4461 4107
4 3922 3639 3389 3386
4 3292 2942 2541 2405
4 2386 2373 2311 2086
4 1987 1553 1029 983
4 811 662 376 318
4 9717 9644 9632 9557
4 9533 9186 9162 9148
4 8731 8602 8491 8374
4 8164 7399 7322 7092
4 6434 6371 6158 5327
4 5177 5005 4425 4371
4 3827 3385 3199 2715
4 2676 2508 2410 2030
4 794 741 491 342
4 173 9773 9342 8872
4 8725 8136 7992 7820
4 7706 7627 7340 6647
4 6420 6254 6242 5885
4 5413 5266 5187 4810
4 4369 4273 4220 3866
4 3819 3756 3008 2883
4 2825 1992 1918 1534
4 872 621 409 9977
4 9609 9282 8857 7832
4 7712 7636 7228 7069
4 6678 5957 5643 5399
4 5210 5073 4978 4651
4 4435 4323 3935 3799
4 3794 3267 3225 2934
4 2747 1969 1897 1705
4 1554 1439 1415 1329
4 1206 1063 1045 984
4 917 821 195 148
4 69 9963 9362 9327
4 9159 8879 8758 8728
4 8613 7938 7736 7547
4 7408 7393 7276 7264
4 7243 7165 7093 7033
4 6499 6480 6234 6174
4 5979 5883 5853 5840
4 5470 5361 5265 5167
4 5045 4807 4535 4356
4 4260 4237 4214 4103
4 4032 3620 3474 3466
4 3227 3144 3058 2884
4 2873 2803 2503 2427
4 2172 2166 1731 1610
4 901 652 605 508
4 483 437 435 312
4 9822 9787 9775 9070
4 9011 8780 8778 8770
4 8570 8535 8507 8395
4 8142 7915 7793 7588
4 7416 7172 7097 6901
4 6841 6675 6654 6077
4 5745 5508 5350 5340
4 4860 4822 4758 4372
4 4224 3636 2996 2500
4 2425 2330 1654 1305
4 987 194 179 9749
4 9415 9380 8877 8786
4 8311 8144 8117 7789
4 7639 7427 7059 6853
4 6187 4972 4891 4890
4 4732 4577 3984 3879
4 3530 3476 3082 2769
4 2556 2206 2170 1142
4 596 303 209 192
4 184 118 111 9931
4 9571 9421 9264 9218
4 8975 8961 8417 8405
4 8361 8224 8114 8038
4 7942 7883 7856 7578
4 7561 7098 7086 6141
4 6128 5557 5279 5107
4 5067 4376 4285 4175
4 3777 3189 3044 2520
4 1831 1728 1614 729
4 482 478 9556 9436
4 8272 8244 8135 8061
4 7741 7590 7075 6902
4 6614 6411 6308 6156
4 5993 5983 5906 5747
4 5696 4952 4724 4523
4 3727 3717 3716 3493
4 2974 2812 2808 2771
4 2512 2485 1972 1695
4 1517 1485 908 274
4 230 121 9793 9031
4 8530 8462 8075 8009
4 8002 7847 7606 7483
4 7187 7077 7045 6937
4 6833 6720 6682 6559
4 6177 5504 5483 4899
4 4699 4470 4232 3685
4 2098 2039 1625 1496
4 1350 781 156 9736
4 9126 8880 8797 8698
4 8561 8542 8500 8220
4 8110 8045 8011 7864
4 7730 7017 6607 6545
4 6429 6428 6265 5870
4 5727 5617 5533 5304
4 5213 4845 4333 4098
4 4063 3635 2827 2602
4 2532 2272 2271 2110
4 1937 1749 1283 1226
4 1177 833 574 507
4 424 311 256 61
4 9686 9498 9457 9357
4 9301 8868 8635 8556
4 8494 8159 7550 7533
4 7404 7337 7248 7068
4 6971 6026 5938 5783
4 5382 5377 5262 5260
4 5158 5023 4980 4966
4 4913 4876 4588 4440
4 4427 4297 3690 3307
4 3108 3059 3053 3023
4 2657 2447 2298 2231
4 1984 1917 1804 1753
4 1696 1634 1513 1501
4 1326 1171 1006 866
4 795 682 428 81
4 9932 9910 9521 9296
4 9007 8924 8850 8473
4 8441 8190 7929 7833
4 7830 7711 7682 7367
4 7292 7139 7138 7030
4 7022 6998 6551 6539
4 6293 6075 5907 5754
4 5480 5008 4305 4262
4 3993 3469 3268 2252
4 1789 1703 1622 1166
4 959 903 803 538
4 406 9823 8968 8592
4 8555 7584 7514 7453
4 7067 6617 6412 6257
4 6237 6098 6021 5910
4 5632 5585 5472 4770
4 4591 3846 3534 3361
4 3266 3205 2900 2673
4 2583 2393 2357 2310
4 1932 1762 1307 1275
4 182 9698 9577 9548
4 9044 9042 7688 7523
4 7281 7129 7102 6859
4 6848 6799 6533 6519
4 6393 5926 5900 5693
4 5281 5010 4923 4893
4 4851 4843 4830 4793
4 4453 4283 4060 4048
4 4019 3963 3854 3705
4 3416 3286 3154 2645
4 2138 1824 1191 1149
4 668 658 603 9914
4 9861 9411 9311 9297
4 9189 8541 8085 8001
4 7985 7658 7574 7071
4 7000 6961 6643 6454
4 6222 6040 5640 5430
4 5100 4911 4571 4236
4 3994 3810 3803 3611
4 3591 3382 3169 2961
4 2928 2899 2664 2546
4 2385 2026 1878 1770
4 1612 1190 921 698
4 452 341 275 224
4 25 9972 9554 9270
4 9229 9204 9146 9101
4 9059 8554 8334 8231
4 8000 7890 7852 7782
4 6923 6862 6592 6509
4 6334 6290 6195 6185
4 6119 6031 5838 5828
4 5809 5538 4691 4009
4 3990 3719 3696 3619
4 3523 3454 2709 2662
4 2656 2280 2153 1775
4 1302 972 886 746
4 659 582 526 468
4 319 238 54 27
4 9933 9825 9720 9024
4 8118 8109 8034 7504
4 7488 7261 7011 6850
4 6772 6516 6491 6391
4 6283 6199 5635 5549
4 5386 4821 4525 4209
4 3754 3413 3156 2980
4 2525 2038 1873 1777
4 1667 1316 1134 999
4 412 180 9400 9336
4 9150 8757 8546 8508
4 8344 8318 8098 7222
4 6792 6163 5949 5859
4 5778 5697 5257 5227
4 5014 4987 4705 4581
4 4556 4520 4252 4174
4 4132 4034 3843 3645
4 3383 2758 2154 2010
4 1880 1725 1308 1237
4 1087 573 422 379
4 9929 9833 9638 9321
4 9164 8511 7921 7882
4 7822 7183 7042 7005
4 6631 5820 5619 5539
4 5527 5466 5406 5342
4 5153 5108 5049 5029
4 4976 4438 4062 3788
4 3643 3628 3546 3340
4 3201 2858 2733 2706
4 2431 1964 1915 1664
