172
2 156 226
2 130 76
2 446 108
2 292 38
2 205 176
2 3 321
2 284 411
2 134 420
2 283 357
2 58 408
2 424 66
2 251 372
2 238 492
2 378 399
2 465 330
2 401 44
2 246 297
2 103 393
2 360 313
2 470 456
2 495 118
2 131 88
2 117 304
2 94 207
2 93 293
2 432 78
2 479 11
2 148 206
2 112 288
2 186 485
2 235 123
2 428 12
2 16 45
2 160 89
2 55 272
2 79 294
2 444 270
2 340 419
2 352 91
2 451 240
2 214 84
2 281 400
2 241 157
2 278 359
2 239 96
2 358 150
2 4 212
2 73 175
2 144 499
2 332 275
2 478 370
2 319 65
2 337 371
2 256 43
2 0 98
2 375 77
2 36 396
2 374 25
2 163 243
2 18 236
2 441 405
2 181 162
2 308 443
2 257 20
2 415 129
3 140 339 498
3 327 215 345
3 102 233 476
3 353 59 120
3 126 210 367
3 164 493 34
3 234 277 63
3 53 439 147
3 154 450 170
3 299 27 496
3 464 379 13
3 388 421 289
3 194 431 484
3 80 343 180
3 52 227 423
3 220 167 101
3 64 373 137
3 51 223 312
3 258 28 397
3 69 31 300
3 202 30 177
3 37 395 142
3 342 430 217
3 338 200 318
3 8 46 48
3 262 409 473
3 452 380 386
3 462 82 335
3 365 49 211
3 303 14 310
3 60 356 260
3 197 199 404
3 414 437 311
3 152 385 173
3 42 171 362
3 440 296 349
3 139 179 188
3 252 346 448
3 242 347 384
3 9 225 364
3 195 425 183
3 193 26 309
3 248 268 237
3 198 457 153
3 403 363 72
3 174 190 266
3 5 273 218
3 100 105 482
3 138 159 40
3 369 67 455
3 413 145 324
3 165 295 361
3 229 453 203
3 291 344 447
3 285 487 305
3 208 113 57
3 469 119 480
3 387 185 382
3 192 107 151
3 32 133 267
4 287 475 132 389
4 95 466 155 435
4 377 201 459 449
4 326 376 489 398
4 249 269 172 54
4 276 245 136 259
4 47 19 189 143
4 261 279 307 219
4 35 282 124 70
4 41 196 474 2
4 121 191 146 263
4 104 383 254 488
4 417 315 429 99
4 402 490 410 228
4 298 21 286 290
4 467 407 114 434
4 445 348 271 39
4 416 491 471 322
4 390 128 106 110
4 17 391 230 265
4 333 81 306 314
4 224 169 368 221
4 477 204 149 438
4 341 253 355 412
4 22 433 302 111
4 50 231 10 458
4 232 422 328 168
4 115 92 264 222
4 255 209 216 24
4 122 354 483 90
4 1 184 75 68
4 182 426 33 280
4 161 329 247 317
4 7 62 463 497
4 125 323 316 244
4 418 494 436 350
4 334 85 250 158
4 381 23 331 301
4 166 274 141 15
4 61 392 87 116
4 351 97 406 336
4 486 427 320 71
4 127 29 74 468
4 6 325 213 454
4 178 394 109 56
4 442 481 461 472
4 86 83 135 187
