1628
3 3526 1344 104
3 3463 9219 6803
3 7252 3032 8862
3 8718 910 2261
3 2325 5018 8818
3 3422 4700 1312
3 9593 1785 3743
3 3821 8180 803
3 4111 7184 3368
3 867 9889 4626
3 8002 9156 9000
3 90 6911 2448
3 9603 9503 2075
3 4378 7434 1757
3 9423 2110 8936
3 9659 4596 5534
3 9359 1286 8270
3 7581 1173 3906
3 4254 596 8593
3 4688 7739 7891
3 1290 5403 1280
3 6213 9445 3820
3 7899 4543 1359
3 8382 6480 4946
3 9343 7390 4305
3 6424 8687 8140
3 3567 4512 6084
3 288 3950 7465
3 1855 779 3731
3 7847 3405 1297
3 6178 4940 2727
3 9714 1144 4783
3 2350 2062 2419
3 2485 3759 2842
3 9582 5027 5329
3 5910 2891 9546
3 3114 4827 3788
3 7173 3092 4842
3 5838 2702 1900
3 9224 9429 2478
3 5483 3924 7736
3 9115 2954 6143
3 9 8313 7750
3 9868 1038 228
3 8306 7163 6528
3 7844 1380 9797
3 9137 6028 1415
3 2406 8612 9983
3 2753 8041 9025
3 2204 8922 6928
3 9375 1103 4427
3 9996 6952 6189
3 1508 1396 7207
3 9917 8212 5672
3 6550 9287 5368
3 9605 1641 3655
3 8048 1525 2908
3 6605 9820 8397
3 140 9948 9081
3 3418 4051 5742
3 8037 9699 2084
3 568 3245 4845
3 8569 8414 8572
3 4812 4298 332
3 2943 4143 8581
3 948 1495 5586
3 5732 557 8534
3 7880 6788 9782
3 3088 3292 4131
3 8377 956 8634
3 2436 7457 8525
3 7749 1601 6652
3 2421 2539 2783
3 8723 2638 7782
3 8304 7584 1154
3 5275 6311 694
3 1534 5116 3615
3 3717 6815 2524
3 4429 3987 9902
3 225 4451 5072
3 6951 8101 2987
3 7236 7575 8078
3 9974 246 8664
3 1871 1428 5752
3 3395 4787 3174
3 4826 8218 5824
3 1741 1194 5082
3 3168 2858 1240
3 6800 4478 6687
3 6032 8145 6150
3 2304 2543 3693
3 2717 9035 1955
3 1960 2481 2259
3 3748 4039 9398
3 5286 8884 5136
3 2740 1572 3912
3 3299 4351 9547
3 4942 817 6744
3 8123 8823 4948
3 9504 8399 4388
3 4371 5263 5958
3 6265 266 2772
3 3951 4566 678
3 335 5291 5935
3 4384 3247 9926
3 3158 3730 5653
3 8608 1559 8670
3 1929 114 8842
3 3851 1259 3037
3 7110 2336 1069
3 2963 1242 2463
3 7483 3762 6736
3 8782 106 1650
3 3591 3347 3982
3 6648 664 6811
3 5043 3943 5319
3 793 875 7988
3 9323 9371 6592
3 835 506 8956
3 6400 8949 6157
3 2457 6716 3200
3 7272 5747 3338
3 2441 7135 7783
3 963 7598 1853
3 3809 5939 7249
3 2826 5239 4403
3 7807 7028 9778
3 2754 5050 643
3 5466 6296 9642
3 2270 4970 6244
3 6959 483 9198
3 8094 1199 2981
3 823 181 2023
3 2219 3409 6156
3 8240 1105 9308
3 632 6307 7689
3 2777 6902 9534
3 6359 1197 6676
3 5186 5725 4287
3 2127 89 4799
3 5570 8082 3312
3 4163 1807 6637
3 3787 6840 5476
3 8682 3879 4030
3 8866 8428 2806
3 9062 523 2173
3 2246 8332 812
3 7764 935 9646
3 2528 7640 7662
3 4601 6535 4447
3 5150 4002 9559
3 9729 1722 6713
3 8836 463 8423
3 4041 8822 5485
3 3118 619 1325
3 6858 862 5977
3 7278 3065 8431
3 9280 5686 2644
3 34 1323 108
3 4286 4558 6302
3 9726 6632 4628
3 9849 5603 4445
3 7900 2651 113
3 6016 9466 7810
3 971 5195 3151
3 6107 6291 8437
3 5032 4549 6596
3 6522 744 5379
3 2511 5763 2487
3 7378 4975 615
3 5359 6068 8254
3 451 4586 9459
3 6430 9878 9297
3 2622 9494 1108
3 158 6878 379
3 3096 8186 6322
3 9650 4310 9111
3 7218 3484 7860
3 3634 3741 7590
3 9216 8708 1679
3 1429 2593 1355
3 9647 4377 1656
3 5188 4347 1291
3 7305 5957 9162
3 39 7216 7171
3 6709 6206 4315
3 9989 8701 1784
3 629 3404 2683
3 2815 3025 5860
3 4277 5896 9913
3 8455 4941 1262
3 9907 3713 5801
3 1713 4901 930
3 2450 1365 4591
3 5540 8233 2379
3 7251 1091 5799
3 6697 6666 1876
3 7539 7865 651
3 6844 574 9446
3 9047 5990 2749
3 9174 5708 4694
3 2561 3999 2107
3 5347 4802 9972
3 2366 4486 5529
3 7609 6350 6545
3 5306 8282 9979
3 8532 1990 4430
3 4407 7211 4865
3 5712 6099 2823
3 6123 3072 7903
3 3210 2776 7548
3 7292 8138 5283
3 8018 5225 5163
3 8188 5482 9644
3 5875 4778 1642
3 3398 5247 2508
3 9653 6985 3908
3 1032 1004 7092
3 3139 630 2165
3 4781 5268 6411
3 4867 6817 9390
3 6312 3140 51
3 9363 2873 9685
3 382 2573 5360
3 1064 9568 9818
3 9017 9181 1432
3 3654 9402 8934
3 8217 5671 5781
3 4746 2301 2949
3 1223 400 2695
3 8294 996 3125
3 8102 6655 1966
3 5085 8111 4483
3 9956 6381 1316
3 3686 3883 2480
3 7264 6141 909
3 8876 5582 8702
3 2840 8475 4469
3 1579 7504 940
3 2919 2153 1230
3 923 8005 5192
3 7270 6694 6937
3 1142 1068 8079
3 7023 3142 4296
3 1621 5484 8995
3 7681 9924 5566
3 4280 9313 7077
3 9624 1375 159
3 8546 4822 6188
3 236 750 6236
3 7646 8637 9910
3 2555 5805 6048
3 5277 7463 8921
3 8084 9437 4116
3 7818 2973 845
3 9112 6279 3872
3 6816 2786 2172
3 4966 7337 1189
3 334 398 177
3 3147 4527 7372
3 6300 116 2633
3 8575 8391 97
3 1726 4058 8403
3 4679 1294 4370
3 4381 716 6146
3 3128 9374 204
3 8838 4441 4382
3 407 2 1923
3 2844 8496 5338
3 4738 361 7592
3 3406 4797 1063
3 8844 2429 5030
3 6407 1112 6776
3 3753 9036 1796
3 2408 8983 7734
3 6571 7637 3478
3 1906 1042 4214
3 3785 1308 9767
3 7105 4154 8174
3 2659 3329 6228
3 6814 9117 2498
3 9277 4774 5231
3 402 2762 952
3 2900 5710 7403
3 1943 9275 1603
3 4954 2567 4424
3 773 8457 2515
3 4703 5257 6755
3 7263 3295 9454
3 8027 1284 6862
3 7626 6270 4276
3 1472 5681 1860
3 188 4584 4221
3 5503 1433 7577
3 3261 7189 1364
3 1731 1050 3270
3 7343 8737 7088
3 3660 4462 3688
3 4737 738 9563
3 6884 7635 1652
3 2115 1653 5242
3 5229 5365 8747
3 6202 2930 8124
3 4137 4701 7817
3 9679 1584 7150
3 1247 345 4355
3 396 6246 3122
3 2166 2146 435
3 9525 800 2612
3 6112 7323 3668
3 5565 27 164
3 5987 8201 1283
3 406 7224 9916
3 2370 8570 5821
3 4236 7334 8902
3 1404 9760 3171
3 2257 5748 4106
3 3474 3132 2530
3 5499 1258 1076
3 1576 6340 7840
3 6137 5304 284
3 5792 5798 2887
3 2850 7183 9408
3 7499 1727 8882
3 4201 9514 5473
3 4499 5434 6243
3 5142 2804 9163
3 3152 1763 1238
3 6507 4153 6695
3 2796 7220 3907
3 9185 9028 368
3 1389 9520 4767
3 8653 748 2725
3 780 6833 9627
3 6770 8214 2617
3 9792 2879 8371
3 1236 4016 9114
3 3464 4644 1638
3 1958 7487 6345
3 5113 8680 6251
3 4157 2491 1334
3 1435 5669 2691
3 5423 109 2145
3 878 997 4338
3 5749 5989 5467
3 8325 2140 8623
3 1598 7928 6809
3 2163 2634 6702
3 7929 1714 5640
3 8146 4210 8154
3 384 2218 9358
3 2565 4334 7462
3 9066 752 5013
3 458 7634 4551
3 4978 9050 8370
3 14 8827 8390
3 6775 3834 8373
3 6309 7439 1872
3 8671 5728 3760
3 1220 5938 2260
3 4789 747 5005
3 3454 107 2399
3 7342 3578 949
3 8062 1812 7350
3 508 7283 4866
3 7339 6525 2955
3 8651 8855 2327
3 1110 502 7362
3 4506 3868 9490
3 7505 2680 3746
3 2377 3281 4747
3 6417 5878 4709
3 4720 6723 4817
3 348 6651 3619
3 4444 7489 9550
3 8925 5738 3378
3 7735 8426 3518
3 3546 4481 3682
3 7349 7299 5009
3 2066 6437 7006
3 9589 6886 466
3 7501 5862 3318
3 2517 314 2959
3 2766 4696 4739
3 9331 6375 3884
3 4009 8089 6221
3 5559 9142 8824
3 914 1836 4552
3 2734 7170 7040
3 7766 8706 1912
3 3939 9643 3521
3 83 2913 5930
3 2410 1612 1087
3 4625 9505 278
3 7322 4097 4038
3 7002 3193 679
3 9205 5081 9753
3 7698 5816 64
3 4508 4677 8938
3 893 2137 944
3 6234 3900 2362
3 8290 2070 2101
3 3810 172 7087
3 2607 591 2175
3 1683 8879 9145
3 9268 8372 5056
3 8859 372 4440
3 805 6341 2608
3 3933 1777 7293
3 9377 1034 7196
3 3726 4993 8401
3 3502 9912 8669
3 8659 6772 2798
3 7787 772 1620
3 4831 5761 1558
3 536 9149 9537
3 4961 9088 9682
3 947 3778 5376
3 186 7231 6389
3 1581 6050 3489
3 239 432 9793
3 3191 3240 5706
3 5457 2418 3725
3 3493 6023 5162
3 550 7003 1371
3 8785 2470 2720
3 7985 1333 9619
3 4711 2016 1941
3 6551 7335 6968
3 3331 6100 7607
3 4610 5903 1667
3 1150 6408 8630
3 100 3917 2156
3 467 7941 7516
3 5070 9976 802
3 9260 4902 6272
3 3534 7898 460
3 1737 4839 4828
3 8355 706 9751
3 5995 6841 3665
3 2395 6379 654
3 3155 2029 6601
3 414 8086 6748
3 9524 1636 9675
3 8988 4665 4108
3 7034 6593 4953
3 9052 9554 9069
3 8064 1437 5901
3 8054 4260 5366
3 3976 4304 2625
3 5657 1735 1430
3 9698 1139 7587
3 1908 7528 4989
3 5962 5274 6909
3 3520 2998 8129
3 3829 3485 894
3 8303 7537 6135
3 3280 1930 8792
3 5307 6710 6334
3 5951 9397 846
3 8236 1701 8112
3 5636 8998 3063
3 7669 1644 1925
3 5315 5845 1148
3 2741 670 946
3 3841 9832 4014
3 3030 8200 686
3 2506 8611 8563
3 5936 2063 7345
3 2285 2157 4450
3 2939 9777 5218
3 7624 9339 3159
3 3853 6526 3046
3 8518 5973 7074
3 7107 9489 6134
3 1001 6070 7155
3 6079 8322 5557
3 4599 7911 5099
3 2476 5527 3524
3 1048 2318 7380
3 6486 9876 3416
3 3328 5495 4479
3 1709 1910 6876
3 6537 8070 8046
3 7950 3677 7998
3 1183 2186 476
3 1052 6093 937
3 3532 1166 7042
3 7151 7823 2438
3 1949 2519 6402
3 50 1250 5392
3 8464 9674 3058
3 120 9159 4
3 2529 4414 4126
3 2880 2692 7061
3 208 4426 6767
3 8487 6608 490
3 8088 5975 4807
3 6399 2899 9502
3 3260 4683 8673
3 8547 3255 941
3 5518 2221 49
3 8960 7430 4350
3 5726 9993 552
3 1945 6914 4490
3 7069 8837 3671
3 859 4544 4815
3 3938 1458 1181
3 7090 3396 9745
3 8961 8206 9100
3 1936 5770 6983
3 1377 3572 1094
3 290 7556 4681
3 3687 5429 2160
3 2407 5230 7694
3 5535 4076 4575
3 4149 980 559
3 2076 4422 3542
3 4177 8793 4904
3 5993 3433 7046
3 8194 3783 6118
3 3214 7827 7927
3 571 8049 5963
3 9229 7943 9576
3 6819 4231 5723
3 6401 2580 4104
3 8178 3657 6857
3 7877 2368 4507
3 8843 4780 344
3 365 1633 3597
3 7235 6606 269
3 4848 7639 2329
3 7386 4175 2072
3 1345 4341 5206
3 3265 8065 6990
3 4607 6201 5638
3 4587 3051 792
3 5380 6360 1640
3 7768 3947 7526
4 2206 306 3319 1614
4 9227 4224 8797 2662
4 8450 7208 7687 5848
4 5656 6036 2122 9575
4 9015 3662 890 5069
4 9316 7702 6715 2380
4 3828 1783 7582 7743
4 5790 9170 1951 6743
4 9532 4226 8312 9951
4 2729 8327 367 5135
4 7915 7097 6949 1493
4 5019 6418 5869 1880
4 4581 575 2746 2975
4 3627 2591 9468 1770
4 912 2128 8441 2414
4 393 9417 1939 192
4 7981 9914 647 4874
4 3978 4082 1021 4049
4 4196 4475 3514 5036
4 4000 4345 5701 8948
4 6600 4661 9755 2382
4 5190 7108 2190 5846
4 7485 7317 5550 8514
4 8981 9425 4916 8147
4 1090 837 346 1006
4 443 8681 3721 5000
4 4251 8819 1451 5089
4 8558 8445 9337 7195
4 3679 399 8295 3886
4 9439 5472 3802 6963
4 5151 2134 2821 3953
4 553 6821 8034 6618
4 6378 1568 15 2337
4 2779 1481 6122 9455
4 1269 518 9657 5444
4 7938 9386 2276 9482
4 9580 511 7114 4114
4 8550 247 7770 9824
4 5264 4756 249 983
4 2496 486 4048 6958
4 5086 745 6337 1889
4 8828 7814 6883 9676
4 852 7078 8507 8452
4 6128 2780 5133 6140
4 5785 7653 7909 4638
4 7478 6680 6261 2161
4 2184 6153 3392 6532
4 4105 409 9990 182
4 775 9431 3068 9067
4 2582 388 8497 5352
4 3794 739 87 5612
4 6859 9886 6349 1982
4 3733 8791 4431 4402
4 200 6105 6672 5730
4 9672 8914 8024 9428
4 7675 3684 4990 8789
4 5994 9734 8463 401
4 1518 5700 4216 3720
4 7849 9750 1438 917
4 5238 7554 5588 9949
4 2979 8015 8971 79
4 6427 8059 9080 9621
4 2797 3930 9815 2135
4 5684 913 105 9854
4 3460 6223 8893 5596
4 2962 6591 2386 2978
4 2001 4851 4821 2854
4 3735 4147 9424 3962
4 1801 9064 1151 9266
4 6738 6871 7714 1669
4 8097 4135 8561 7285
4 831 3611 8130 1265
4 9003 2813 4808 943
4 8840 9861 7443 8439
4 7022 691 2082 7417
4 1175 445 3963 9975
4 2824 5538 2364 6622
4 6639 8293 1352 5850
4 1724 1790 3891 9598
4 3575 6304 6083 2513
4 4676 2154 4488 7127
4 4397 2032 5954 6395
4 2189 5184 3095 1456
4 5866 3552 4894 4151
4 3461 1357 9908 3359
4 7594 613 2045 6116
4 1703 674 6031 6682
4 7307 5567 8179 3956
4 8542 2113 8831 8333
4 7534 1379 5553 7253
4 512 6610 3340 9302
4 6875 7116 7506 7407
4 5175 1104 1386 4864
4 3923 3115 373 7370
4 1393 3322 8499 2637
4 7955 5313 7132 30
4 9866 6173 7726 5061
4 1510 9329 7999 6285
4 5605 3683 9372 3112
4 2224 7406 1969 1122
4 7868 4983 6062 1662
4 1113 959 5154 3776
4 4624 3901 6268 9952
4 9167 4889 7455 2114
4 9869 6139 9432 4197
4 2340 7125 7379 2034
4 5224 1358 5758 6848
4 5516 4816 3945 6796
4 7611 8852 254 4604
4 7100 3391 7874 5595
4 6170 5507 6650 3055
4 3432 2343 7633 1324
4 5271 7990 723 7479
4 954 8678 6264 433
4 5004 1348 3451 5278
4 9662 1580 8415 1015
4 6428 6382 2095 1590
4 6524 4753 9314 308
4 8495 8536 970 2389
4 5680 9381 2892 3535
4 7815 675 4556 5985
4 3503 2341 9151 5404
4 421 5759 7273 5103
4 2706 3047 4962 3366
4 3616 2724 304 2654
4 1979 9940 7389 5320
4 5523 3594 9042 3056
4 7363 7995 5545 9027
4 896 7544 7566 3254
4 3013 3932 504 3570
4 7773 7296 8679 4064
4 722 9301 3697 5662
4 611 2732 7067 8292
4 4142 5496 1131 8867
4 589 6954 9772 9945
4 8398 7181 547 205
4 7530 3300 8751 8993
4 2430 6222 9762 9527
4 4141 6356 5357 5153
4 8907 5448 4760 2290
4 6782 8565 8648 8856
4 2941 2562 4205 7000
4 5419 2225 581 1407
4 918 1411 1395 3223
4 9116 4583 1455 5378
4 3372 6287 2982 9656
4 1732 4861 4162 9827
4 4300 7018 4758 3885
4 5446 9320 1497 2923
4 4537 1528 726 3617
4 3799 156 4814 7833
4 3710 4533 9435 9585
4 563 8794 5655 562
4 3674 863 6907 520
4 3246 6374 6347 1035
4 8808 6159 7011 6124
4 7803 271 6250 4011
4 5679 4234 1865 5532
4 5170 1044 5336 7923
4 9867 8912 1615 3911
4 9107 7007 2895 3708
4 6352 4905 2322 8564
4 1532 4592 8389 5918
4 5450 5305 5028 9106
4 4762 2912 6158 7016
4 603 9851 4219 6534
4 3170 6947 7476 3360
4 885 222 157 5581
4 9541 5303 270 8161
4 5868 3028 5334 9457
4 7591 8645 7154 2828
4 7912 4573 5960 4987
4 6259 6416 6453 1999
4 1115 2636 4120 4068
4 4791 6830 904 9887
4 8231 209 1057 8625
4 8092 9811 2640 418
4 206 5608 1231 7685
4 3443 1550 6315 2374
4 6673 1434 1877 7940
4 1829 9093 3173 8705
4 5722 4960 4721 8887
4 3144 4824 1299 6447
4 7747 1890 4535 4213
4 9500 2944 7670 7809
4 9146 1274 6542 4957
4 2876 6329 9870 6275
4 4891 3333 8649 7255
4 5031 2236 5166 5762
4 8364 3739 3276 2035
4 3562 6791 2805 8814
4 6726 1573 8116 5602
4 1328 7355 3952 3124
4 2187 4590 945 5010
4 121 7717 8085 2865
4 9054 942 7142 8395
4 6196 1954 7140 9768
4 126 8661 1984 7777
4 7996 8297 439 1919
4 2011 4432 6834 6919
4 4764 370 4380 489
4 1081 7997 2299 5756
4 7374 1747 3694 1561
4 6700 7527 9239 7098
4 6662 4795 510 2703
4 8091 8456 9850 2679
4 4321 5648 2010 6827
4 3178 81 1921 7050
4 9438 2371 3974 1336
4 5390 2800 135 322
4 1276 9238 3225 6503
4 8745 2615 2390 4323
4 7848 3904 2728 601
4 5755 5774 7623 2536
4 7123 1858 977 3202
4 7254 8106 3457 7019
4 1517 8510 4540 1692
4 9587 2765 4018 1152
4 788 4206 2759 9079
4 5698 1499 7785 7424
4 8019 7302 8329 3709
4 1058 4973 7106 1564
4 4093 3176 806 692
4 8557 9267 4890 4519
4 9611 7115 3274 7834
4 5967 9704 5832 6966
4 1118 6599 2849 7027
4 2847 1619 3325 4523
4 9573 2934 5750 2273
4 6282 3469 1823 3231
4 73 9528 5051 4052
4 3703 9133 8963 3903
4 4497 2147 8204 65
4 9837 293 4945 8677
4 1026 1124 8891 8868
4 5096 9873 8894 1462
4 6972 3590 179 1111
4 1385 4257 5325 4569
4 6185 392 4496 6448
4 2830 6756 9084 2409
4 5871 4936 3428 1610
4 5427 7433 8562 474
4 6293 8272 5246 6229
4 4241 5252 9947 238
4 9094 5760 6235 9321
4 6410 4844 4362 7649
4 3208 7905 5248 7617
4 9004 8713 3934 5011
4 5189 1613 3119 4063
4 3625 1442 5980 4876
4 7030 6888 2243 3845
4 8962 5461 4075 1303
4 6681 171 9391 8635
4 5863 1218 2535 701
4 5649 1916 5494 2363
4 2948 6355 4433 1049
4 6631 6512 6647 3979
4 6520 175 1169 3091
4 142 7493 8262 9666
4 4645 1226 1758 5199
4 6051 3425 4033 522
4 7159 1733 8787 657
4 5490 9333 2297 8529
4 6488 5609 892 5678
4 8444 5112 4152 8485
4 5719 6413 4899 9300
4 4981 4565 2464 9259
4 5834 3332 7315 9701
4 4656 229 4122 5068
4 2242 3531 7174 7232
4 3264 5139 7083 7271
4 99 7574 1074 1716
4 7048 8263 3441 6760
4 3614 7075 7708 3067
4 8809 3854 3027 2814
4 5563 8538 9104 8594
4 3653 4164 2916 8545
4 612 6194 1765 3888
4 1748 3499 9655 1020
4 9736 1505 4487 7059
4 5925 887 6161 7786
4 1970 4757 6969 2881
4 6511 2492 9733 2280
4 853 9404 9981 4309
4 2566 4647 6373 169
4 8026 46 7641 2834
4 4846 7496 5867 6231
4 3869 9673 7250 8574
4 4452 8501 7763 8490
4 4428 8889 189 6778
4 1799 5949 3770 2049
4 3958 7467 5137 6477
4 9727 9264 1844 5577
4 5076 5625 3362 5431
4 5547 6103 6284 23
4 1051 7148 4094 144
4 6659 8860 2019 5396
4 9761 1920 2130 4870
4 9617 2205 2968 8404
4 514 7384 374 4146
4 3000 7124 7523 4494
4 1719 9016 9364 8533
4 1775 7704 4964 2333
4 2474 6002 5469 395
4 321 8261 2866 8978
4 2475 475 8440 6319
4 7830 7826 315 4473
4 5375 7400 7628 9897
4 9614 9120 2867 4884
4 8929 6615 4835 6924
4 652 5057 9278 4186
4 5023 7517 6720 580
4 5555 3544 5236 6930
4 3017 8424 5183 7567
4 3192 1654 473 1769
4 8992 2697 8157 1587
4 255 4249 6052 415
4 1589 92 756 4160
4 4572 4595 2639 5861
4 3844 8788 2150 1137
4 2085 9636 5177 6581
4 5140 2052 5654 6868
4 709 7392 8899 2653
4 9645 864 5598 1833
4 7145 9223 5106 4179
4 9058 233 9008 2050
4 7588 3060 2521 9057
4 6706 7841 6597 3216
4 3291 5302 5481 6699
4 9754 4996 1837 7426
4 6865 2456 4054 3459
4 6203 8906 967 2665
4 7165 8429 2769 6724
4 3407 7464 3162 6392
4 6527 2922 8257 7200
4 4159 6067 9971 3955
4 5574 7937 494 7104
4 377 6996 4256 877
4 359 3252 2287 1146
4 2354 916 2155 2581
4 5847 961 7327 5778
4 9787 470 436 8486
4 6586 7199 423 4209
4 1164 9773 7779 7573
4 4805 3994 8832 82
4 6570 5502 5645 3001
4 556 4123 6230 3754
4 8354 2689 2859 2848
4 3057 2788 7043 1704
4 2557 9959 1491 2320
4 7153 3831 7219 4172
4 4416 9557 1277 6370
4 4291 4875 6625 1447
4 1215 3927 2372 3022
4 8967 8237 5900 870
4 7765 6851 2947 9470
4 4900 2312 1482 1398
4 5017 8167 9804 4198
4 5921 6493 8000 69
4 2532 5169 4314 9518
4 3711 5617 2451 6292
4 7604 9798 9506 7654
4 6899 499 3986 5167
4 8307 220 4485 5944
4 4084 7668 7643 3515
4 3771 8118 7454 1145
4 4642 2162 5735 995
4 8229 4733 8176 5210
4 6263 2486 6784 2250
4 9342 3100 8247 4282
4 3163 5510 4267 1480
4 3580 8644 7240 6267
4 3789 960 6463 7226
4 9444 9715 2087 9695
4 5851 4907 4437 4871
4 9350 4922 1418 5744
4 5065 7186 3967 2404
4 2667 4728 3297 5947
4 3462 5433 369 1874
4 7746 8284 3893 3638
4 7035 7179 6102 4759
4 3423 2579 5344 6175
4 3402 1097 8162 6074
4 7910 3856 6412 2123
4 688 1626 5970 770
4 8941 8767 635 1922
4 9836 5676 4391 6643
4 7376 3608 1409 2594
4 2544 3243 2590 4013
4 3317 3816 5517 7321
4 8177 9618 7330 4803
4 3415 614 1384 6276
4 4156 5504 5282 9632
4 7429 1444 9005 136
4 219 4125 4511 9246
4 3861 9075 8841 5486
4 9161 358 8280 2381
4 5905 9744 237 1924
4 7395 9533 7697 4716
4 4619 1566 4138 1608
4 5173 8 5241 9919
4 59 931 4272 4476
4 7957 4841 4024 5673
4 17 3164 9885 6877
4 5705 3308 9495 2556
4 9389 4669 5948 6169
4 3038 7095 3757 2983
4 646 7160 325 224
4 2080 771 1224 7949
4 4292 2642 8530 2179
4 6594 3075 8392 1548
4 2238 824 1232 5066
4 5117 9564 4690 3623
4 8283 2767 9739 4744
4 2984 5941 4748 840
4 6479 7260 3181 7515
4 4339 5021 4911 3850
4 7256 6054 2705 1209
4 8305 6431 2574 1036
4 1938 4404 8242 7469
4 9463 1782 5493 9143
4 3738 8385 9462 6053
4 6984 981 429 4538
4 1045 6964 9200 2111
4 7336 256 1341 8421
4 653 2501 5428 9480
4 8326 9033 6115 4682
4 6753 2966 8583 8955
4 5432 9119 8125 5707
4 6898 9516 5389 7762
4 2951 8556 2471 4010
4 147 9065 2141 2648
4 9488 8806 5324 6439
4 8618 1326 4174 9357
4 3054 3992 979 1881
4 2093 1414 4446 7550
4 6912 4878 4258 1815
4 6301 5683 8920 6675
4 3352 1128 1252 608
4 1658 7301 2226 5908
4 3989 6012 9376 9771
4 9579 4658 3041 8873
4 6019 5290 8760 3640
4 7914 8619 4227 9018
4 6242 4195 7884 2825
4 9497 6218 4090 5531
4 447 9569 4521 9814
4 5111 5743 8804 3843
4 4863 2069 287 1406
4 3094 6440 8942 1349
4 1202 5415 6164 3248
4 8380 6434 6790 5969
4 526 7063 4326 1774
4 8454 4859 5249 628
4 8897 1213 9368 3071
4 7532 7664 9960 9857
4 8786 3026 5436 1475
4 9221 2897 1712 7982
4 545 410 7829 9306
4 2012 5786 3559 590
4 1604 457 2235 760
4 1988 3253 5407 9491
4 9688 7366 7398 5928
4 7788 6863 3571 5959
4 4969 4361 1578 4952
4 2599 3716 4348 5981
4 955 2722 8951 2715
4 2836 1928 2700 4369
4 3002 8872 9172 1138
4 2177 5827 8069 3997
4 5222 6064 340 6333
4 7603 3931 821 6017
4 347 8219 3824 7994
4 2961 8985 416 6638
4 7325 3500 5372 3678
4 8710 8155 1646 6764
4 832 4329 734 1749
4 5690 8865 4639 25
4 1321 5664 8063 1878
4 4168 1648 566 7423
4 7671 3465 6797 1570
4 7131 5666 4979 3764
4 130 1504 524 3630
4 1211 1408 9212 275
4 7541 5216 2286 871
4 6867 2256 1007 6197
4 2247 1405 2682 4988
4 5776 2326 2411 5449
4 5859 9484 898 124
4 3444 4133 637 339
4 3582 8504 6530 7709
4 2666 7404 5615 4244
4 1017 4745 3020 854
4 1983 740 6065 4923
4 2402 1273 6183 2971
4 3403 6219 4743 9074
4 9182 1995 4489 2670
4 7921 3146 2752 9535
4 5714 1176 3691 8488
4 3895 7480 4379 2018
4 7711 8916 3805 9009
4 4319 5439 5587 8012
4 1903 3867 6562 8712
4 751 4025 6829 1839
4 1987 5913 4132 9089
4 152 6487 3177 2789
4 7001 5511 1788 3689
4 2102 2126 693 4373
4 598 7797 318 2159
4 8121 1755 1962 787
4 3172 3620 9426 7559
4 3228 9418 5885 2046
4 4501 7494 194 6387
4 1677 2091 6513 7451
4 6006 8009 8484 4929
4 9192 5330 7959 3712
4 6602 9265 4958 9931
4 375 908 4522 2037
4 1514 1272 1611 5399
4 1793 2860 3050 9262
4 9048 891 3523 3357
4 3289 558 1565 2690
4 2553 8288 2885 5180
4 5835 7194 2497 1241
4 4026 7672 3084 2495
4 1606 9855 6376 8711
4 4786 4454 1800 8585
4 700 6587 9538 8783
4 191 3479 1077 4155
4 882 3504 7086 8895
4 2051 6007 4806 7033
4 7508 7569 7970 9625
4 5091 6415 1492 9865
4 2251 2319 1390 2378
4 1831 2699 1125 4525
4 9014 6414 1453 1743
4 3768 4281 7373 7332
4 2771 6249 6671 3490
4 8621 3342 4847 1818
4 5795 2778 8022 794
4 9347 3241 6365 7227
4 7243 6645 5301 6076
4 1172 9367 9092 2167
4 5751 6454 9029 131
4 6910 6903 7202 2038
4 9843 424 9517 2149
4 4059 1766 2626 2950
4 4477 6887 1560 3199
4 9041 1427 5961 7892
4 6739 3439 5549 8790
4 6182 3538 3480 6266
4 9461 3734 9189 4436
4 3826 1927 3213 4439
4 5599 6441 6049 4766
4 689 4220 250 3126
4 2466 4128 9395 2996
4 8716 3303 7792 8489
4 8917 3607 56 5626
4 2234 9071 5235 9526
4 2289 9245 9932 9581
4 3659 4421 6091 1666
4 2121 9967 6451 2041
4 5458 6217 3431 5318
4 2258 6456 8953 1093
4 9901 9915 3127 2512
4 9571 91 2214 2490
4 4714 6354 166 6152
4 9596 1244 1254 5260
4 3946 4609 7885 9577
4 9831 4667 3896 6879
4 3153 4532 8748 7961
4 7382 1629 4860 1476
4 7044 6686 165 4818
4 9513 3298 8911 7618
4 440 319 8753 3204
4 972 5015 5919 4438
4 9586 5121 2059 3099
4 7696 1013 9348 5585
4 5632 7893 5077 2549
4 5525 4022 9257 5393
4 5724 850 3878 1075
4 7979 9217 3374 1233
4 3545 3410 2013 1361
4 7660 3134 1054 2694
4 4184 5172 2459 3390
2 4668 4247
2 1135 4695
2 3219 2611
2 5350 2784
2 5171 5254
2 4991 300
2 5144 6357
2 1645 2507
2 7055 7346
2 1513 1149
2 7068 743
2 2774 5717
2 7931 4873
2 4012 5601
2 6444 251
2 1014 665
2 4015 8352
2 8591 1426
2 1647 8007
2 7396 380
2 292 5810
2 3632 8658
2 5622 7674
2 3080 9211
2 403 2097
2 3218 5813
2 2992 2909
2 5854 8903
2 5209 741
2 1116 6452
2 4092 9365
2 8320 330
2 1027 8011
2 8674 5308
2 5060 2713
2 3456 8030
2 2843 9881
2 5377 122
2 446 7562
2 8516 4263
2 714 2675
2 6008 7129
2 4077 155
2 4167 5333
2 452 6457
2 5417 9024
2 1821 397
2 2306 1535
2 2926 4702
2 6931 1972
2 6818 5829
2 6543 7367
2 6993 1516
2 6180 3097
2 389 1037
2 2790 6546
2 6664 1136
2 2268 3874
2 4712 4518
2 537 3990
2 2383 9634
2 8846 3803
2 4228 5029
2 6098 6
2 4423 3145
2 7401 5526
2 1335 4631
2 4722 7287
2 7313 9247
2 3957 6836
2 1317 742
2 88 2964
2 7835 844
2 9085 7595
2 1989 5438
2 5331 8587
2 3983 1556
2 5416 9471
2 6696 8208
2 5250 356
2 5592 3090
2 1047 4394
2 6435 7352
2 8904 9770
2 551 7816
2 4585 2203
2 7856 9096
2 207 9909
2 3257 5978
2 1585 8950
2 2711 4514
2 184 301
2 8267 1820
2 9693 4017
2 3358 2548
2 7986 9565
2 3817 7191
2 5226 2538
2 2387 889
2 5880 570
2 2439 471
2 2181 2036
2 8160 8255
2 1322 5261
2 3307 4564
2 3646 2315
2 9073 9776
2 2931 8376
2 5670 9710
2 5200 6303
2 1443 4635
2 2331 4393
2 3667 8144
2 3842 3471
2 7894 4385
2 8958 4392
2 3833 3458
2 4811 6020
2 8890 7571
2 47 4857
2 529 1070
2 8738 6160
2 2898 4250
2 2048 8471
2 2047 5983
2 2118 1012
2 9880 3705
2 6850 5022
2 1261 2039
2 6214 448
2 8601 7212
2 9447 8770
2 7513 1351
2 8384 5146
2 6460 7811
2 6254 2353
2 2541 8994
2 242 5604
2 7852 5158
2 4689 5737
2 4699 7936
2 7288 3381
2 4775 7247
2 9941 4546
2 3033 6397
2 8080 2300
2 4798 2440
2 4931 7854
2 662 6033
2 1668 7383
2 78 4613
2 2718 5629
2 4080 1502
2 5129 2253
2 5452 1168
2 1319 1992
2 4074 8006
2 6565 4934
2 783 5083
2 4150 431
2 4043 4770
2 8215 8492
2 4918 655
2 9234 6026
2 7867 6038
2 2100 727
2 2058 4225
2 4548 7896
2 5227 4545
2 9830 4597
2 5999 939
2 5998 52
2 3728 1305
2 4648 4906
2 9961 5579
2 4230 6353
2 1369 12
2 3343 1635
2 5332 3969
2 4915 2428
2 2455 6172
2 3699 7427
2 7680 921
2 3016 9083
2 8181 2188
2 7947 4742
2 4788 3101
2 6866 5803
2 5543 1663
2 3466 7013
2 3209 5771
2 4466 4830
2 6336 70
2 3602 484
2 9508 2810
2 3249 4368
2 9021 5883
2 8264 6481
2 7099 4868
2 8777 7760
2 8104 3673
2 1953 7461
2 9905 6783
2 9061 3554
2 584 8165
2 3700 5040
2 1809 8626
2 3792 4616
2 7825 2028
2 1306 1018
2 9663 1079
2 7755 1085
2 7963 5287
2 55 9271
2 441 8427
2 1729 9037
2 3647 3505
2 5418 1073
2 5398 8668
2 8544 5262
2 6825 3875
2 8422 9840
2 7421 7497
2 7049 9543
2 7118 2505
2 5800 3138
2 8105 3806
2 2514 3239
2 2910 2078
2 4854 610
2 9522 986
2 2525 3800
2 9604 8396
2 516 6324
2 9893 2656
2 3645 6619
2 221 4928
2 7969 4376
2 3363 5270
2 4917 495
2 2757 1157
2 6184 3296
2 1320 3315
2 1464 3551
2 6873 3560
2 2855 6832
2 3593 2785
2 5384 8369
2 8592 1942
2 4825 2624
2 9121 8984
2 546 8694
2 7872 3555
2 6040 4849
2 7864 7531
2 6874 7873
2 3644 4503
2 3301 6960
2 3305 1485
2 9184 6670
2 9629 1675
2 640 3839
2 5367 8367
2 5986 9918
2 9294 9102
2 9334 3004
2 3722 1971
2 3282 1141
2 9862 2773
2 6510 6346
2 9717 933
2 8285 8171
2 5198 7920
2 6075 3048
2 8347 9201
2 4212 1630
2 7565 822
2 3211 7277
2 3860 3681
2 493 6211
2 8253 8286
2 2886 888
2 6657 5426
2 5110 8638
2 7876 4211
2 1842 4588
2 8268 6573
2 4495 2503
2 7629 1894
2 3626 2293
2 9898 5181
2 7926 4632
2 666 8412
2 8100 294
2 6555 5904
2 8676 6055
2 213 9991
2 9540 9718
2 2124 4784
2 9802 3476
2 5964 2500
2 2462 2564
2 3596 2323
2 8298 9847
2 5907 6027
2 6932 1802
2 8346 5584
2 8493 5718
2 6853 8339
2 2117 4456
2 1134 2230
2 7036 2660
2 8289 9963
2 528 112
2 8076 9626
2 5720 6425
2 2861 6500
2 5412 7913
2 4985 2309
2 3863 5437
2 8269 5047
2 9378 7781
2 1542 6494
2 2846 5108
2 1859 8478
2 5796 9298
2 7774 4465
2 1780 1816
2 6133 3079
2 532 5802
2 1205 9206
2 150 3914
2 509 8031
2 4761 3954
2 9173 9864
2 7144 4671
2 3393 4061
2 354 3528
2 1315 8498
2 9562 815
2 9101 8148
2 2171 9530
2 9858 2888
2 4836 2509
2 2484 6554
2 4555 4056
2 6566 7793
2 8189 7402
2 7861 6718
2 868 7411
2 4176 3656
2 4666 4938
2 8045 5491
2 1551 2393
2 9044 9724
2 5145 7881
2 4005 4158
2 3539 7233
2 6882 6426
2 9988 8137
2 3772 9487
2 2960 4751
2 6801 1847
2 4602 7167
2 874 3777
2 7992 9501
2 7414 7209
2 3870 9498
2 1440 1410
2 962 2760
2 2237 2601
2 9583 2109
2 7 8688
2 3972 7111
2 5830 6269
2 1167 8274
2 1655 4937
2 5631 7329
2 1571 2609
2 9214 778
2 6589 9882
2 9871 5639
2 7932 5443
2 4697 4754
2 234 4617
2 459 9687
2 2945 1212
2 404 3452
2 2385 5255
2 9852 4893
2 7446 6892
2 6854 4570
2 9492 1295
2 262 5197
2 9999 5101
2 5054 8888
2 8345 4060
2 425 5767
2 4040 7699
2 1260 9713
2 9600 4536
2 3184 390
2 1159 9312
2 7076 80
2 6792 9667
2 3069 9434
2 3446 6674
2 8506 2523
2 66 2985
2 6198 3078
2 9207 4634
2 4185 8202
2 9274 746
2 6838 729
2 515 501
2 5092 3723
2 7648 7275
2 5223 8460
2 7771 6393
2 5292 7149
2 4062 7798
2 8210 3242
2 6623 7477
2 8757 3306
2 847 1019
2 2398 1187
2 9232 5812
2 9709 3220
2 7888 8885
2 9812 1190
2 3066 309
2 5815 3148
2 1711 7215
2 2719 4732
2 9049 6166
2 4622 8149
2 8847 5519
2 2875 3804
2 2239 8972
2 1884 2432
2 5131 9122
2 5839 569
2 9284 5974
2 4087 5933
2 3749 154
2 4971 2294
2 9191 190
2 2589 606
2 3348 1327
2 950 3453
2 2244 5914
2 4047 18
2 8675 695
2 7962 3675
2 8259 6021
2 9658 7193
2 9711 3637
2 8764 6288
2 5059 2673
2 7952 4360
2 9324 6747
2 1314 2302
2 216 8172
2 2240 5107
2 8600 5328
2 7839 3815
2 9764 3651
2 9261 3510
2 2768 579
2 7965 8763
2 2632 8699
2 7740 7234
2 8360 8775
2 1086 5881
2 1541 7416
2 1521 7842
2 195 7450
2 758 4713
2 3707 5492
2 1264 2054
2 4027 2347
2 3293 8275
2 8234 1507
2 6936 8720
2 1937 3496
2 2531 9147
2 6721 4561
2 7589 6104
2 8915 7843
2 6693 4215
2 5594 7650
2 3437 1487
2 5237 8038
2 7381 324
2 6613 305
2 9964 2712
2 6812 7241
2 3082 3765
2 2493 7795
2 6306 9046
2 9299 5363
2 176 7524
2 525 9665
2 160 9394
