172
3 249 356 286
3 353 110 485
3 175 281 347
3 64 222 308
3 120 241 91
3 212 427 218
3 47 243 10
3 305 80 167
3 331 3 268
3 95 244 491
3 48 116 188
3 128 488 474
3 398 369 59
3 414 371 127
3 217 33 179
3 309 37 336
3 487 421 20
3 257 66 27
3 406 84 393
3 61 490 23
3 272 138 410
3 262 186 1
3 394 198 187
3 479 119 88
3 451 321 25
3 225 454 448
3 141 134 463
3 456 375 39
3 194 181 420
3 101 314 133
3 283 465 365
3 216 71 76
3 192 312 443
3 112 90 139
3 412 472 436
3 237 178 150
3 130 362 213
3 189 82 256
3 278 435 335
3 247 79 155
3 145 77 70
3 483 445 18
3 386 325 259
3 7 280 63
3 477 231 322
3 378 234 355
3 220 68 401
3 67 149 333
3 11 417 21
3 458 86 478
3 332 279 402
3 446 351 97
3 276 117 89
3 164 160 12
3 388 56 28
3 238 453 467
3 2 303 337
3 123 367 354
3 58 441 416
3 132 113 17
2 366 263
2 32 4
2 345 44
2 350 118
2 69 60
2 422 376
2 87 489
2 329 129
2 75 426
2 54 377
2 191 144
2 73 208
2 252 153
2 111 161
2 464 296
2 125 171
2 8 16
2 342 137
2 363 53
2 140 104
2 455 124
2 176 115
2 496 105
2 476 413
2 291 370
2 254 148
2 136 30
2 399 15
2 200 193
2 147 34
2 195 319
2 163 338
2 93 235
2 126 168
2 169 497
2 408 461
2 154 433
2 340 300
2 182 327
2 232 65
2 328 285
2 450 318
2 13 121
2 292 395
2 269 387
2 203 152
2 452 400
2 390 404
2 391 439
2 352 94
2 162 214
2 190 473
2 466 348
2 251 397
2 432 339
2 196 315
2 270 290
2 31 29
2 170 434
2 157 295
2 85 392
2 142 40
2 447 248
2 219 310
2 449 159
4 38 36 245 304
4 166 359 470 210
4 143 96 419 236
4 471 233 109 19
4 357 267 207 288
4 151 411 242 374
4 383 46 103 481
4 284 334 100 239
4 228 326 415 293
4 41 379 92 240
4 438 495 62 440
4 382 260 484 306
4 323 468 156 108
4 373 358 396 5
4 255 368 183 372
4 494 201 226 229
4 343 423 185 287
4 275 344 301 165
4 9 211 206 246
4 425 35 307 52
4 429 50 83 289
4 173 204 480 462
4 258 250 177 430
4 131 316 277 172
4 158 459 273 346
4 311 403 78 294
4 297 122 360 349
4 265 498 389 475
4 499 492 22 197
4 380 106 102 261
4 227 482 264 6
4 364 274 493 224
4 180 146 317 24
4 266 282 221 184
4 99 442 14 324
4 205 55 384 469
4 302 114 424 409
4 98 81 444 405
4 42 26 457 72
4 271 361 45 223
4 209 460 320 341
4 253 215 428 57
4 51 486 107 431
4 330 407 135 199
4 437 299 230 418
4 43 298 313 381
4 385 74 0 174
