1628
2 4337 6211
2 3763 1494
2 6738 3761
2 9355 9636
2 9323 988
2 9044 7001
2 6878 127
2 6816 8490
2 9772 2077
2 949 7139
2 4797 9728
2 7986 7147
2 2947 6679
2 5975 9310
2 5952 8666
2 8934 3830
2 7636 7464
2 2217 7811
2 775 3251
2 6175 4212
2 1488 663
2 7243 3770
2 7483 7776
2 6225 7633
2 624 375
2 9368 8876
2 1809 3604
2 6701 5890
2 2682 9527
2 4435 6116
2 6035 4859
2 9584 3963
2 718 2983
2 5384 8389
2 1974 1645
2 8479 385
2 2016 8829
2 4322 8620
2 6981 8753
2 4852 8476
2 333 6324
2 5809 7034
2 5559 1125
2 4295 9442
2 9624 8776
2 7672 1068
2 8462 7599
2 5799 6854
2 7402 973
2 1319 3127
2 7439 8734
2 3276 6316
2 5272 4939
2 7042 8467
2 5209 1353
2 6057 7805
2 8919 780
2 6386 4563
2 2741 8974
2 2279 4729
2 2360 8928
2 6037 7227
2 1914 337
2 4095 6513
2 6394 7966
2 5118 9214
2 3169 9741
2 6572 4387
2 5674 6356
2 4088 8805
2 5684 1015
2 8693 4592
2 9938 5151
2 2381 8611
2 30 9753
2 7928 8494
2 2564 2177
2 3859 7638
2 9312 4683
2 4359 6886
2 6817 2754
2 2031 8425
2 8883 745
2 7594 2352
2 6097 3866
2 6192 846
2 7290 6267
2 53 9394
2 311 6686
2 1901 9913
2 9658 916
2 8685 1420
2 9238 5803
2 3510 9848
2 2219 5700
2 9699 2100
2 6659 2514
2 388 932
2 7274 6283
2 9103 4786
2 9458 9421
2 5960 4518
2 5029 7080
2 4009 3187
2 5712 6312
2 3121 5364
2 1787 5701
2 9652 1316
2 3096 8976
2 1753 6766
2 2407 3883
2 2641 4122
2 8200 1563
2 9976 6409
2 1793 2938
2 7558 287
2 4026 2449
2 8294 6680
2 4960 9852
2 3534 3622
2 1733 4383
2 4143 4994
2 6710 7104
2 6355 2472
2 190 7854
2 8391 4069
2 4336 7585
2 8359 9710
2 2711 9490
2 7153 19
2 3269 2716
2 1648 2159
2 2729 5319
2 4389 5791
2 5261 5909
2 5037 3284
2 585 8722
2 3871 8355
2 3195 7283
2 7866 8214
2 66 9396
2 8739 5989
2 757 7330
2 7266 9528
2 3993 6463
2 5067 9496
2 7346 7045
2 9505 7997
2 2059 6472
2 1013 8735
2 5127 3734
2 1700 7882
2 5294 6086
2 3795 6080
2 7795 9668
2 5031 8319
2 354 8139
2 8559 4766
2 383 397
2 9428 5007
2 877 2742
2 497 2257
2 8944 6130
2 9893 174
2 111 126
2 899 5624
2 5567 3608
2 6182 9274
2 6874 4541
2 4751 5240
2 62 9865
2 2942 4440
2 4129 8927
2 9012 1530
2 4534 3992
2 9158 7265
2 7094 9983
2 6973 8330
2 6599 3196
2 370 2777
2 6084 3792
2 4437 6358
2 9087 4720
2 9069 9622
2 3863 3484
2 1797 3023
2 1611 1961
2 2610 1856
2 5097 2662
2 2034 5976
2 1119 1695
2 9119 1716
2 9805 6366
2 8448 3077
2 8132 5441
2 6149 8947
2 402 6134
2 9820 6833
2 249 3132
2 739 5926
2 6806 2288
2 3979 978
2 4141 8405
2 2357 7728
2 9199 4528
2 7349 17
2 7411 7456
2 6579 404
2 3291 5143
2 240 3460
2 6668 5805
2 1466 3511
2 7695 40
2 4313 3603
2 9309 3043
2 3315 6917
2 4497 1916
2 3061 8302
2 2049 737
2 196 9709
2 3956 5377
2 8307 6090
2 862 7475
2 2113 7934
2 4834 9828
2 4645 3505
2 8424 376
2 49 9222
2 477 1558
2 3243 9492
2 6456 7861
2 6022 3019
2 9414 1655
2 1317 259
2 5635 9790
2 3360 543
2 9791 2166
2 4016 2583
2 2998 154
2 4431 7240
2 4266 9082
2 5939 1615
2 5583 9046
2 9213 6071
2 5539 8374
2 6511 3738
2 3483 1831
2 9943 5436
2 4446 9346
2 2717 7523
2 3475 741
2 7699 9342
2 2410 5979
2 1811 5658
2 4972 2291
2 2631 5410
2 3594 5529
2 591 3056
2 3960 6525
2 3118 1594
2 6588 9464
2 3515 7719
2 3652 1815
2 3703 7023
2 1993 3287
2 7527 3331
2 5527 7899
2 8623 2395
2 3383 1991
2 4310 8210
2 9593 446
2 1204 5230
2 2927 3985
2 1454 2840
2 964 6799
2 8898 7126
2 7802 748
2 9059 8708
2 7193 9058
2 2473 295
2 9456 7079
2 216 1162
2 9229 7041
2 4005 43
2 2553 9052
2 7587 8599
2 9774 4090
2 5429 2440
2 999 9010
2 4975 6381
2 1924 8900
2 6915 7151
2 1268 6596
2 4679 1513
2 4473 3543
2 6815 81
2 2478 6583
2 6173 6563
2 6649 2095
2 3592 5741
2 5601 4935
2 6313 931
2 5317 275
2 8949 9618
2 785 8054
2 9933 1884
2 4279 2681
2 7054 734
2 5301 7354
2 1795 5055
2 4309 6067
2 2238 9061
2 9443 5826
2 3878 1858
2 52 2993
2 3271 4857
2 290 6805
2 9849 2878
2 806 4242
2 761 479
2 7315 4848
2 5353 8791
2 1140 2155
2 8550 1546
2 3373 4256
2 9349 8150
2 2783 3920
2 5033 8100
2 2693 8827
2 2241 1069
2 3478 2648
2 1819 744
2 6944 9387
2 8557 2116
2 7515 6585
2 6129 8807
2 7232 9597
2 8743 7876
2 743 3789
2 1740 7618
2 9089 2020
2 2759 4566
2 5899 371
2 9768 7566
2 7974 3596
2 1005 4755
2 6843 4922
2 1999 5065
2 6731 4375
2 9610 3343
2 6829 3344
2 9731 4639
2 4468 6224
2 7418 8495
2 6309 2069
2 9700 8388
2 496 3990
2 2758 6454
2 9285 531
2 323 8957
2 9057 3006
2 8163 83
2 89 3222
2 5560 5931
2 6028 3354
2 2311 3977
2 3964 3501
2 2773 293
2 7125 977
2 6705 1566
2 1886 6893
2 5318 3546
2 6692 9988
2 4824 7846
2 9566 6277
2 3072 4427
2 2333 1449
2 7590 6831
2 4941 2828
2 8097 1601
2 5198 3108
2 7338 9870
2 4287 7200
2 9135 2025
2 4076 1622
2 2609 6512
2 7663 7524
2 2623 9362
2 8872 1588
2 9228 8808
2 5800 5692
2 2101 6342
2 1222 8575
2 8278 4131
2 8254 4299
2 3457 7621
2 4979 1405
2 4995 4532
2 7152 8339
2 5733 6146
2 9970 4191
2 9659 6425
2 4539 7936
2 9020 7533
2 8238 1985
2 1057 5597
2 4789 430
2 6756 6105
2 3700 2928
2 5896 6414
2 4260 4993
2 7940 1798
2 9885 3312
2 9147 6687
2 406 9268
2 9270 8964
2 993 6375
2 657 1071
2 8961 5756
2 7850 5326
2 3433 6197
2 627 1983
2 5958 7202
2 4826 7762
2 1749 6385
2 5265 3193
2 1224 1909
2 947 1073
2 1436 5938
2 1052 2234
2 3624 8369
2 5804 9679
2 4040 2503
2 1717 1727
2 8324 8008
2 974 7543
2 8759 244
2 282 914
2 8418 6046
2 801 9336
2 4454 5573
2 2834 8512
2 2733 3048
2 9767 8376
2 8312 9675
2 1350 9937
2 5235 8996
2 3064 3321
2 6011 4529
2 1569 3709
2 2891 4326
2 9062 4911
2 1672 2781
2 7015 5662
2 8523 7745
2 2755 7792
2 3387 6457
2 1171 4056
2 1158 3158
2 9930 6486
2 1677 7869
2 6584 5699
2 9025 5719
2 3996 7238
2 7494 2122
2 3022 4481
2 1294 5204
2 690 3710
2 4034 4392
2 8513 2097
2 5075 8504
2 9833 3307
2 3690 332
2 3164 4190
2 9013 6303
2 9857 9897
2 438 5455
2 6903 4794
2 5468 7196
2 8652 51
2 8595 5784
2 3133 55
2 4075 5667
2 2543 9689
2 9475 4466
2 4343 4547
2 3994 2250
2 4177 8477
2 4478 1190
2 1559 6764
2 650 2708
2 1351 2065
2 9389 8287
2 2995 257
2 5486 6980
2 9110 6260
2 576 3385
2 1335 6892
2 2425 5500
2 1992 1802
2 427 8460
2 5053 9682
2 1000 9687
2 8895 3563
4 5659 8821 7996 7064
4 3303 5995 8480 8381
4 905 1131 4408 8120
4 13 6222 2822 8500
4 8840 1511 2525 938
4 8502 6504 871 4085
4 3081 2466 9395 3403
4 3352 9686 8298 4171
4 8397 9004 6025 8810
4 5152 6219 1402 4793
4 5473 2008 86 3458
4 6635 2359 7140 9822
4 6711 2761 4695 732
4 2081 5343 6447 3578
4 8410 4055 9696 1621
4 827 8221 5594 8417
4 9607 5724 8567 2970
4 1467 3493 2030 3100
4 2306 4316 939 6693
4 4552 6304 6773 7646
4 4832 3092 3829 8370
4 7612 8038 3263 7858
4 3816 6285 398 7246
4 2981 3107 4116 9257
4 6412 9128 2967 670
4 1075 2378 7388 3335
4 7589 2327 3327 6319
4 7631 4673 178 4412
4 5213 8555 6618 8447
4 121 3136 7977 2535
4 9932 8063 4776 6066
4 4367 7073 1181 4318
4 6323 124 920 9581
4 8365 874 7117 4850
4 6603 7184 7173 3619
4 606 7431 8863 6883
4 647 2596 9801 1452
4 1047 6785 2787 4140
4 36 5980 3031 7224
4 6209 2060 8703 1430
4 4950 7250 2978 4288
4 9219 6536 7253 7288
4 783 2098 7611 6255
4 674 5540 1261 1313
4 9921 8105 6868 771
4 6972 8577 2839 684
4 2546 2542 3278 1971
4 6351 3949 8450 38
4 6265 9430 5471 6791
4 7701 9138 6976 9811
4 1721 6281 77 2588
4 4188 5821 6426 7479
4 6465 6582 7183 5462
4 20 7138 3336 528
4 3237 4121 5147 9558
4 3921 7050 8301 3682
4 4655 5954 8478 3998
4 7616 5036 3924 2277
4 6151 584 409 4462
4 5263 9156 4568 7146
4 2305 3632 8473 8670
4 2142 8764 7220 6850
4 610 5686 9502 5419
4 7212 8119 799 1276
4 490 6418 1093 4920
4 5166 5765 6950 4829
4 8828 9194 2475 2083
4 7351 5914 5450 6041
4 7530 6419 9973 8935
4 8560 1281 4940 236
4 6500 2628 148 4879
4 2028 3235 8404 3541
4 2209 2231 4059 3879
4 5174 5296 6682 882
4 2135 6768 7963 5142
4 429 9123 9185 1288
4 1482 1240 4052 3236
4 8980 1063 1726 3910
4 8755 7284 5892 9525
4 8314 4630 3059 6092
4 6530 3299 4173 7384
4 8171 9872 3191 9562
4 7327 2341 2896 8190
4 8997 8602 4912 3918
4 9385 4154 7164 4276
4 3814 1349 902 9038
4 320 7298 9255 1839
4 2653 808 6185 418
4 2465 3544 4418 1967
4 8979 6458 7652 9269
4 7025 5868 2910 9804
4 5073 7467 7785 4584
4 3260 516 1394 630
4 4536 4620 5998 6510
4 6374 3228 4495 5685
4 8723 5633 5888 7321
4 992 904 65 5924
4 4471 7209 2748 5930
4 1772 7502 839 4734
4 851 5423 8668 8568
4 2990 7325 4544 2961
4 1253 3309 2469 9974
4 5885 9891 2678 8948
4 5666 6438 3488 6730
4 3371 1942 1913 9084
4 6901 4411 7713 8304
4 2885 8799 6400 831
4 2363 505 1754 5297
4 6239 1685 1098 9929
4 5547 1646 5711 9905
4 1292 5194 2935 9350
4 4580 4388 2420 6826
4 5956 3175 2187 5172
4 8591 1200 2212 8435
4 2246 1168 5 1595
4 483 620 1160 7770
4 6391 4712 8521 7048
4 569 802 1408 7895
4 7072 7528 7115 6921
4 1675 1531 2302 7318
4 6752 9068 4077 2607
4 4443 4078 313 7481
4 6488 7741 2876 5672
4 9019 403 5254 2383
4 9688 9886 5335 9551
4 8537 7355 1998 6762
4 2070 1638 2204 6349
4 4420 8854 2656 3620
4 7913 2977 7423 9904
4 173 2835 9295 3314
4 9374 3347 8457 1970
4 9901 4746 4391 489
4 5768 3868 9763 3776
4 5546 6951 7610 7627
4 7150 1464 8058 7428
4 9561 2893 9936 1570
4 7415 4910 8009 2786
4 8400 4548 6604 8078
4 9431 1562 82 7206
4 633 9678 813 6963
4 4803 9991 379 9267
4 6870 5382 2416 3892
4 3857 9908 6484 1465
4 9287 394 4649 6734
4 8098 5476 9850 7507
4 1027 835 4703 6894
4 8050 4376 8823 9916
4 3714 7645 5158 145
4 2594 5504 2652 9372
4 6876 8154 8588 6100
4 8499 3119 9298 1143
4 3702 6203 3454 8998
4 6156 6827 63 2289
4 2750 6974 6282 2143
4 1367 4594 5664 9965
4 5212 4799 9599 167
4 2999 3292 5046 9176
4 7407 3065 4819 7624
4 26 9465 5983 9994
4 400 6213 6153 1186
4 3798 7883 9959 3506
4 2826 5690 425 6788
4 366 5534 9650 2384
4 8240 9714 8750 5290
4 3725 3045 5110 8942
4 6997 3545 956 4957
4 5070 9497 6131 3762
4 3318 8598 464 7233
4 2200 8145 9698 4575
4 9838 3472 5497 8270
4 6108 7892 9246 4231
4 5136 9466 9366 4696
4 399 2271 917 8526
4 1347 8903 2539 5538
4 995 5612 3252 8943
4 3793 6767 5400 936
4 4670 4371 1943 5808
4 4217 6708 9841 2400
4 3238 5387 2502 3386
4 6726 1693 2084 277
4 2240 967 1671 9701
4 4253 4252 838 3088
4 3861 7942 8794 9427
4 8412 486 5602 6765
4 8138 2033 6295 7205
4 940 7878 161 1902
4 9175 1201 3912 171
4 7973 4948 6879 9661
4 7300 135 5611 9694
4 6021 274 1522 3174
4 6038 4139 671 1379
4 7447 3638 915 4589
4 1834 1524 2082 307
4 9685 2667 3034 6670
4 2479 7044 7639 712
4 8348 6115 9978 4349
4 7191 6413 7978 6797
4 4281 7990 8096 8607
4 9030 7540 1447 9575
4 4904 653 6553 382
4 147 4486 8402 8725
4 4610 5541 226 5432
4 9795 9626 7006 8572
4 9556 212 8046 8134
4 8235 6848 9169 9088
4 935 9715 2335 8511
4 1725 548 5129 5501
4 8554 7294 6803 8738
4 6515 4537 2168 4241
4 3030 2188 3323 8267
4 5696 7578 2242 3384
4 6118 2613 9167 4312
4 8663 9072 4690 3176
4 6759 2614 7752 5062
4 9608 5084 3324 5438
4 731 7575 5555 8862
4 7758 6017 9915 9378
4 7262 3223 8178 7671
4 3860 5750 4365 7982
4 9878 6148 9328 8183
4 1699 896 6597 4656
4 2683 7397 7584 5300
4 1428 9111 9621 3676
4 4187 7287 1404 6085
4 5153 4347 555 8940
4 5337 2604 7988 4887
4 7656 1880 5577 6062
4 6168 4929 8393 9900
4 4530 3017 5454 7252
4 1935 759 8818 2132
4 6208 2124 6127 8785
4 2315 6978 7063 1203
4 7043 2735 7898 1462
4 3958 8024 1328 4169
4 8839 2673 1582 6039
4 4065 6013 2854 9293
4 3777 3896 9384 3366
4 8745 1049 5646 981
4 1720 7203 9855 7234
4 4884 7046 4764 9554
4 2675 3919 8659 1840
4 189 2736 8714 8819
4 9643 3915 6466 2296
4 4219 115 3732 2294
4 5385 1105 8889 4951
4 6007 5113 3775 4717
4 2453 493 637 5015
4 9507 8446 5207 3562
4 3001 2816 3951 8978
4 6631 7029 3262 7884
4 8237 820 9642 426
4 239 7269 4769 2434
4 3644 4865 4138 4555
4 1830 2326 8780 1841
4 1990 9050 4130 9281
4 303 1682 7519 9408
4 6858 4340 4183 634
4 7396 7777 3809 3396
4 5091 2860 5177 578
4 450 9473 7756 5875
4 312 8516 1468 9357
4 4839 873 1407 1419
4 3678 1605 8328 6789
4 8223 4066 3588 8485
4 8028 9159 7141 5748
4 3080 5338 6395 14
4 7465 2880 8426 9547
4 5755 5651 2991 7573
4 7783 7510 1759 1444
4 3018 251 5579 8334
4 35 9493 9601 1344
4 3273 2225 7520 3265
4 7760 7532 5863 6031
4 9291 7968 5397 2096
4 2516 1917 7863 815
4 5778 4218 5621 8542
4 1835 4199 2622 381
4 5944 1598 4511 7398
4 3283 1148 1443 2770
4 1040 4771 199 4024
4 7414 9161 2199 6884
4 9200 6443 8026 6983
4 1414 8806 3797 841
4 8379 1610 500 7885
4 5355 5691 3542 2698
4 8804 7877 3348 1854
4 8048 5777 2819 7441
4 2672 1741 6594 1939
4 6899 4346 159 8737
4 9750 2481 7445 7881
4 3067 2355 3485 4663
4 8215 7550 8429 7493
4 7970 1790 5533 7026
4 847 2310 8012 4104
4 3841 8877 6462 5409
4 298 7197 787 5915
4 7387 5096 137 5536
4 5968 2392 3723 9532
4 3438 6994 2499 1708
4 6802 9262 1397 3641
4 3695 6503 4895 7967
4 9635 8891 8726 6947
4 2732 2295 7604 1400
4 4150 5165 3029 2041
4 1542 2824 9876 4805
4 5193 2738 8533 7946
4 9692 6054 4311 3890
4 1712 4327 680 5228
4 8091 3171 3922 7102
4 1507 6150 5725 6188
4 2104 8352 2980 7657
4 3942 1108 4713 2629
4 3020 8406 5329 1117
4 6527 2040 8346 1028
4 1425 5130 4003 3267
4 1254 1208 285 8973
4 343 9600 7219 1966
4 302 4812 3087 1451
4 1085 6888 7613 2436
4 1784 6740 7644 5182
4 8016 7095 4891 3837
4 4115 2984 9592 5427
4 2090 913 1083 682
4 3467 3643 1822 9006
4 2558 280 4533 7890
4 9604 6698 5081 2747
4 4094 6861 4247 788
4 4045 3531 8958 540
4 8396 6446 3290 760
4 1932 9784 9064 2844
4 5798 966 2186 9145
4 3753 6900 8303 5752
4 4855 8832 2624 7056
4 4681 263 6741 5673
4 8637 6907 5156 1426
4 4873 5841 151 7856
4 5032 7674 8781 1274
4 5416 9924 9514 4600
4 1498 5785 9961 2265
4 5111 4413 8474 5736
4 260 7011 2456 5391
4 9761 7807 2639 3410
4 7705 2023 1307 1722
4 9099 132 4237 3421
4 617 4119 9053 779
4 1431 2906 9845 334
4 4250 7887 4246 7088
4 9606 4591 3780 4722
4 8067 7979 432 4027
4 6068 4228 256 3566
4 9425 9127 7539 6920
4 1794 8258 1871 3040
4 7629 7194 2684 4524
4 740 2795 5105 4844
4 113 9939 5229 59
4 3938 8859 6502 2443
4 562 90 262 1106
4 7307 1688 7405 7239
4 3060 8771 7433 4361
4 2866 6291 2593 74
4 7190 4035 8061 8578
4 8051 3151 7155 6430
4 1927 5396 4277 5548
4 4397 6165 5088 7961
4 7028 9598 9630 9085
4 9265 5148 1728 6630
4 8519 7819 714 4997
4 2035 3831 1771 2618
4 8341 8311 4577 2986
4 18 8882 1640 590
4 1283 5681 1182 187
4 5184 4290 3444 8268
4 5811 7113 4914 5796
4 9538 8848 6139 7424
4 6109 6696 3351 416
4 3719 487 1213 48
4 2022 3881 3564 5205
4 1944 7337 213 2630
4 6621 1868 5955 1156
4 5766 4007 6652 8627
4 1656 2260 5491 7086
4 2987 2213 573 1550
4 2902 1882 7904 8914
4 1076 8408 3827 9987
4 390 2399 9764 3451
4 3402 6380 5344 4616
4 2985 9533 1179 6931
4 5946 1791 546 8709
4 9187 4444 5276 4949
4 1643 6334 5608 6622
4 3359 9041 2561 9632
4 9896 424 7620 6286
4 6448 7729 4493 4653
4 812 7911 6357 6264
4 5375 7508 9818 478
4 9488 8907 8290 5604
4 1249 2883 7119 5199
4 3497 3806 4017 5721
4 3869 1616 24 9775
4 2419 2237 4342 9188
4 6519 7395 1690 9393
4 9173 2146 9949 6069
4 5271 2658 7894 5499
4 8131 9483 102 1380
4 2803 373 4194 7280
4 5179 1433 7902 4319
4 7019 3741 2160 4353
4 2524 1553 6369 9782
4 9580 9338 8101 2685
4 7399 9114 1654 5307
4 4067 7070 5855 6749
4 4736 1602 5431 8239
4 1859 4233 7303 4936
4 5967 6841 3306 6301
4 8040 6190 7279 253
4 8327 7800 1044 5402
4 3250 6838 4178 8017
4 3148 7969 2405 5407
4 1417 9373 9263 6307
4 5155 3225 8609 7569
4 6714 4452 8784 4378
4 5590 853 5879 5951
4 8752 4556 2215 4232
4 2647 843 9836 6036
4 8641 1975 8075 4779
4 9392 2707 7505 3381
4 3715 9946 6610 2721
4 7342 8760 8318 3117
4 6646 6434 4081 9574
4 3661 9065 3391 4432
4 6964 8114 7066 9623
4 4172 5510 9656 3069
4 5264 7759 1113 6564
4 355 3376 6230 4380
4 5508 401 9091 4642
4 1969 3771 7692 4671
4 8317 2772 1604 1591
4 9202 8274 270 1331
4 6216 3708 668 4965
4 4549 7114 4915 9816
4 9416 9572 7285 6338
4 8266 5009 9877 4761
4 2120 6483 7248 1118
4 3507 261 2909 5331
4 2336 1188 5557 7204
4 7556 8010 3154 842
4 5835 738 9192 3009
4 3311 9570 9243 3887
4 4985 3707 8179 922
4 1661 1371 7498 1799
4 9746 5599 2130 2519
4 5754 9518 3480 4882
4 5762 9722 1439 9001
4 2304 4107 3036 3557
4 7736 4531 2856 4906
4 5751 5444 3973 2477
4 6723 3345 2205 8910
4 2087 7103 2703 2388
4 9003 3012 1891 6145
4 8349 2899 3767 8772
4 1084 1922 9984 8395
4 4986 1537 8481 8320
4 5714 5109 3980 3075
4 4908 9576 2823 8475
4 1599 8443 1094 2403
4 4360 6296 7430 1571
4 3202 4603 6896 3353
4 5494 71 2474 1184
4 7057 1504 8930 1325
4 9240 2464 4021 5398
4 2634 4565 1355 5715
4 5994 8646 6170 9479
4 1001 2154 6354 7718
4 4263 4030 1088 8394
4 7261 8767 8121 6654
4 5306 6898 4588 970
4 9890 5108 5625 6364
4 1850 2080 5428 2348
4 1982 3409 6616 2567
4 9351 6091 994 4358
4 1141 9941 8925 139
4 9454 3736 5738 3808
4 3194 971 9197 8415
4 6320 3397 625 8431
4 7369 3952 8768 1663
4 6601 3976 508 6137
4 7804 6702 3035 1050
4 9545 9631 5907 6410
4 8151 6110 3330 3825
4 7628 364 9981 5823
4 186 3810 7478 5038
4 2099 8878 3689 97
4 5999 5627 7706 8899
4 420 7555 5694 1450
4 5619 8088 603 4355
4 7458 8684 6058 8732
4 9495 8347 5883 4509
4 4981 7908 4578 7710
4 4415 8338 502 7891
4 5139 8293 3589 7323
4 227 8094 2330 5490
4 3746 4767 3208 6675
4 6956 2666 3044 4714
4 7320 6685 6881 798
4 4292 428 1681 7910
4 6328 7525 2919 4153
4 4841 4598 8492 9047
4 2145 5030 7786 8758
4 7542 570 5464 2309
4 5279 872 9603 8441
4 6132 2375 5934 8208
4 3885 7598 1396 2281
4 4182 4170 6975 5576
4 7499 5707 9365 5482
4 7588 5475 8866 2347
4 2172 4662 5870 3838
4 9766 2937 6155 3847
4 5040 1322 6590 8689
4 3583 1529 784 3226
4 7306 4627 852 3302
4 3651 4901 207 1532
4 7559 9016 3646 6191
4 6988 2898 2740 7040
4 44 3255 8699 5253
4 8364 3626 3647 46
4 5019 7214 6561 2640
4 6750 772 3399 1278
4 1715 2024 8496 8631
4 42 8076 9132 5793
4 6754 2367 946 9152
4 9771 6263 1751 7678
4 3946 3241 6666 7907
4 2881 8102 9550 8756
4 895 8788 108 3862
4 3610 1298 4808 54
4 6422 61 7058 8801
4 5589 8072 3817 357
4 3082 692 8787 4721
4 8002 5872 378 8536
4 8809 2006 3969 4117
4 1574 1082 3177 8865
4 1183 645 1709 5950
4 6690 8603 9677 8066
4 2873 4845 2632 3162
4 8994 1618 5776 2962
4 7778 2180 3137 5424
4 5578 6626 8906 4705
4 4978 7949 5149 8306
4 2651 2659 2946 4540
4 2179 782 9224 6215
4 1552 8142 9512 9098
4 2511 909 2973 6439
4 8350 8956 3120 641
4 9070 2533 4147 8166
4 9873 3066 8247 7255
4 2654 1122 9611 2079
4 4335 2423 1375 4523
4 2214 9967 6729 3957
4 5093 2226 6478 9474
4 8191 7944 1777 1650
4 8849 8706 6161 6581
4 6377 5528 5453 5695
4 8321 6623 8586 3953
4 2820 2728 7374 9783
4 5679 5119 7512 2972
4 484 7357 6818 642
4 152 5086 1035 3530
4 9834 4612 9308 8890
4 4837 3606 7658 3455
4 4773 6856 6625 1021
4 1634 1644 1933 7271
4 5241 2396 4502 6297
4 1359 6056 2671 7218
4 2997 8727 8754 797
4 7600 4876 5657 5703
4 3325 1448 2193 7870
4 1881 3674 3850 8068
4 4606 1046 651 5187
4 6098 3253 5020 2934
4 3923 7158 9254 8909
4 6546 5665 4806 3078
4 9137 9909 6289 960
4 1978 1067 3970 460
4 99 7341 7708 1161
4 2529 1081 4759 3425
3 524 5817 9163
3 9716 2068 1245
3 5853 7972 559
3 2918 1360 1926
3 8850 208 5005
3 9697 5511 3752
3 8022 3296 8378
3 4352 9360 9735
3 725 2587 9017
3 153 8262 8851
3 8661 4737 8470
3 7872 1475 9819
3 5101 6408 4474
3 9866 9992 2996
3 7488 6244 4098
3 1586 837 1781
3 9899 7090 3356
3 8335 3141 9752
3 6600 6095 6256
3 4570 7893 4685
3 8157 8436 2153
3 8529 9649 2412
3 1064 778 6819
3 4019 9628 3051
3 2191 5224 3079
3 7630 92 7065
3 1128 8553 5585
3 6435 1290 8579
3 2255 6595 9
3 5131 7712 391
3 8716 6455 222
3 1327 4382 6270
3 5417 88 264
3 5753 9781 8742
3 541 8305 7958
3 3090 9122 5610
3 5106 8438 5758
3 4366 525 1673
3 4490 5289 7840
3 5537 7820 7390
3 8123 822 3937
3 5160 4409 2863
3 6258 9060 8023
3 6497 202 9410
3 2491 2379 9944
3 7270 3555 387
3 2801 990 1514
3 1878 7404 5561
3 1107 6562 7608
3 4394 7903 7971
3 3406 346 4849
3 2550 8740 9126
3 5447 1429 2492
3 6822 9997 509
3 9353 9839 2901
3 3104 296 6055
3 6493 3473 5919
3 9237 7013 1678
3 3259 762 8647
3 4804 8779 6293
3 7005 2152 2431
3 6619 2276 1758
3 4742 3413 855
3 901 2591 3637
3 6072 5987 3595
3 9412 2062 292
3 1227 4286 8482
3 5829 1937 6501
3 4680 7660 9745
3 6210 9076 3872
3 8920 1323 4825
3 7345 9189 2048
3 1980 225 7386
3 5399 3123 3055
3 7022 7964 5877
3 8795 8812 3731
3 96 6889 3687
3 1338 476 8782
3 8860 6557 7521
3 4925 7851 1633
3 2195 9478 7711
3 679 5902 8613
3 9415 2644 3156
3 3416 9703 5660
3 4687 4758 6543
3 2611 6683 9579
3 2549 4144 3349
3 6965 1275 4001
3 9540 9375 7529
3 4814 7927 4158
3 1635 5104 5278
3 3320 1198 3293
3 9327 6909 5242
3 4945 8852 9080
3 4923 2829 8220
3 9450 5217 7937
3 5352 1036 6176
3 8931 8728 7962
3 5028 9340 975
3 1676 9446 8632
3 8921 5634 1801
3 3211 7691 5059
3 1538 1126 140
3 5982 423 8351
3 8380 7017 5592
3 777 1608 945
3 2701 3301 9536
3 9081 4201 2617
3 2845 7921 4931
3 1496 9734 6524
3 595 3334 4234
3 5605 1172 5582
3 8236 5215 5530
3 456 5461 5487
3 4216 8211 2470
3 8291 811 5628
3 9212 7485 4298
3 7335 4209 4590
3 2432 2228 4036
3 9177 2601 2385
3 1302 1866 72
3 3157 5122 2655
3 6800 2314 2994
3 2989 7156 8308
3 6491 2005 8524
3 1030 9996 3688
3 7002 6667 8774
3 8272 2498 6650
3 6076 6476 6034
3 3496 3961 4676
3 6904 5688 8625
3 7154 5057 2526
3 7685 6070 2830
3 5779 2697 8000
3 1139 9457 8635
3 8581 5430 1879
3 9504 6559 6171
3 6942 7353 8455
3 1525 4063 545
3 5191 68 5970
3 5376 9516 5050
3 6636 7676 1170
3 816 9858 7229
3 7702 1953 7317
3 4424 3574 5027
3 4033 7716 4934
3 3498 9470 9738
3 6647 4186 9181
3 188 6292 457
3 3000 7377 6928
3 182 1147 5961
3 6926 8675 6432
3 4902 8082 5860
3 4718 3116 2174
3 5842 2368 5316
3 2393 2057 9301
3 9282 2338 4611
3 242 6415 1376
3 533 3572 8875
3 5781 5162 6545
3 2282 8375 2123
3 3663 6721 6460
3 7945 1748 3553
3 9486 5361 5630
3 9195 9729 4802
3 9894 454 9292
3 3834 9807 4752
3 844 5341 8923
3 6952 3138 5238
3 3526 7922 2686
3 9690 6347 2428
3 5871 434 7666
3 1893 697 7110
3 1904 9789 3411
3 107 1495 4243
3 4236 3550 1199
3 5706 3426 6015
3 7703 4124 2566
3 2056 374 4913
3 1847 6311 5255
3 4192 5830 3180
3 2563 2879 3424
3 5749 1619 6875
3 8110 4851 3400
3 8403 5773 2050
3 8552 5170 8724
3 5932 2886 70
3 4715 3053 5252
3 8486 2129 7389
3 9853 1247 4074
3 9671 2202 2621
3 2463 8912 6480
3 2827 2855 9955
3 1207 2633 7868
3 9398 9447 5542
3 3699 8127 2722
3 4756 8525 4513
3 7596 5852 8056
3 5287 3109 278
3 8468 3756 3556
3 2664 5481 752
3 4274 8594 2115
3 5532 4113 6648
3 1596 4414 7735
3 7541 7682 8095
3 4847 9651 6481
3 8062 6777 1266
3 3599 9864 3361
3 6993 4571 1066
3 989 5340 2926
3 678 1549 575
3 2371 458 3308
3 163 1470 6660
3 5520 8951 3220
3 4302 8077 16
3 9040 5360 8655
3 7408 3711 6807
3 2850 4780 3662
3 8116 7018 7076
3 579 9792 5094
3 2925 8004 7516
3 1264 7444 4521
3 2726 4762 9968
3 2427 3693 338
3 6992 2825 560
3 5726 7506 4558
3 5771 9256 6744
3 535 4135 4924
3 1311 3076 8649
3 5936 2073 1370
3 1823 2943 2144
3 9401 5687 7723
3 6254 9969 1957
3 1438 4617 7757
3 1312 9045 4280
3 9808 2429 3684
3 6634 1898 4964
3 903 4763 8112
3 7669 8333 632
3 8924 116 937
3 8175 2931 4607
3 3634 2221 5874
3 7726 5618 582
3 8775 4300 2920
3 3094 1481 98
3 4894 9755 7460
3 1123 3587 7709
3 6112 3737 1238
3 5698 9320 9379
3 1377 4482 8838
3 1410 7453 165
3 1422 3729 6379
3 5836 4213 1892
3 6761 1418 9856
3 7067 7429 67
3 1022 4579 448
3 9279 3423 6399
3 2809 5330 9654
3 8336 9952 7176
3 7217 183 8204
3 8833 9160 5200
3 4461 5867 7917
3 1528 8498 27
3 1484 9835 4817
3 3889 4433 8251
3 5767 539 5167
3 3613 6226 3855
3 4372 662 95
3 472 768 3446
3 6451 1202 7425
3 2719 7308 1435
3 4421 5114 5133
3 5309 6865 6520
3 4127 1890 2568
3 6353 8616 4271
3 8149 5140 4727
3 1501 7489 4560
3 7984 6106 3668
3 2745 6607 4489
3 7496 2904 7667
3 9141 3627 6587
3 3692 4770 3954
3 3670 2581 2737
3 3144 8763 3062
3 790 2156 7443
3 237 1369 2486
3 2602 3503 4842
3 8228 1735 2182
3 8034 3188 8109
3 2518 1231 880
3 9129 4341 1536
3 2520 3465 9972
3 2650 9009 4862
3 9209 7721 4778
3 8259 2669 8279
3 9903 6287 1818
3 176 7740 2125
3 7775 5626 4029
3 5780 5524 7834
3 3370 1845 1031
3 8698 4062 8193
3 6847 6576 3987
3 957 3206 6275
3 4254 8363 9005
3 6436 4788 7339
3 2275 9854 3207
3 9118 327 3895
3 6941 7662 728
3 7324 9681 3745
3 2957 6365 6968
3 556 4455 2810
3 3945 4463 5683
3 2051 532 2760
3 3443 2382 6321
3 7733 3091 4434
3 7821 5593 7823
3 8194 3149 5244
3 4652 1945 1896
3 8991 4792 9315
3 218 7931 4285
3 3639 9713 6467
3 7976 3975 3728
3 5606 5408 551
3 2047 414 6121
3 3758 3628 2366
3 3876 9975 5825
3 7459 4880 3836
3 770 2862 6411
3 574 467 6214
3 4883 1287 5395
3 4777 2114 7749
3 1547 613 2236
3 47 3656 9463
3 9559 561 9980
3 1398 5824 3902
3 7111 9684 6048
3 204 1941 4328
3 7642 2857 2119
3 243 1556 6220
3 4239 8461 6713
3 4840 4830 7089
3 9140 1554 6135
3 1324 8444 7930
3 5372 7815 1637
3 431 2332 2555
3 8165 6329 5359
3 4503 4787 7557
3 8938 3851 1241
3 2646 3565 2933
3 37 7906 8777
3 3611 6737 3713
3 4453 6719 1612
3 6912 8265 7948
3 1412 3337 513
3 8286 3192 9830
3 1195 8126 615
3 5389 4595 1399
3 6441 4677 384
3 6290 9170 6877
3 5783 2197 7135
3 3576 8217 5280
3 2586 7635 9027
3 8430 9042 898
3 9744 6542 4554
3 3681 6000 1102
3 4559 3950 1724
3 8705 5652 5197
3 9825 924 6746
3 2004 4110 2438
3 4927 12 3057
3 8713 389 4041
3 7340 9669 2426
3 9506 1527 5386
3 618 3476 7923
3 6368 1714 4867
3 1852 6397 5270
3 7626 5515 7376
3 5516 1934 7359
3 1894 4574 8445
3 7364 2036 7437
3 1900 2459 1037
3 8483 7696 2749
3 6166 5822 1442
3 1903 5518 9294
3 1870 9824 7210
3 7517 7956 5544
3 2720 1607 2450
3 2871 7260 4664
3 5089 2247 8811
3 828 6136 4105
3 8172 8983 7779
3 3466 5045 7403
3 5234 7827 2021
3 5575 6464 2767
3 6620 5219 583
3 5990 5949 3698
3 7216 4333 6389
3 681 3442 6322
3 8937 9154 2497
3 4176 284 5742
3 2169 9862 4073
3 1062 4507 5308
3 3982 1255 4959
3 984 2674 9283
3 4261 1056 1445
3 6450 557 6042
3 8592 5052 2312
3 5267 1326 6747
3 1555 7293 7256
3 6529 6989 980
3 6141 9120 1017
3 6236 79 5442
3 776 1593 4283
3 4058 5394 9317
3 8155 4896 3772
3 3186 2864 4193
3 2620 8615 1739
3 8673 3189 2690
3 5466 4259 7242
3 7862 3926 4605
3 6540 2705 2430
3 2882 9517 9871
3 7538 1157 266
3 2482 2597 3165
3 8690 6064 1910
3 7486 7772 87
3 6495 7707 4781
3 7207 9759 4377
3 676 2251 9605
3 2038 7871 198
3 69 6201 1284
3 8099 7796 4853
3 2252 3481 3239
3 1 8135 7035
3 2350 118 7605
3 6507 638 2537
3 1684 8747 9964
3 9813 2992 316
3 417 6314 8188
3 7829 3852 8227
3 5940 8407 9035
3 9206 7808 9670
3 9164 7281 6315
3 6196 1568 8130
3 1471 7484 7166
3 7159 8081 5334
3 8377 1836 2572
3 2299 9832 3461
3 3449 8856 7737
3 9117 1373 4008
3 9435 2301 6661
3 4933 1592 9664
3 7828 1441 9720
3 4275 1114 4647
3 4604 6857 3178
3 6712 3513 8694
3 9280 7082 7694
3 2574 3570 4459
3 1572 4149 5747
3 2285 6164 7509
3 6261 5677 5984
3 7109 8855 4385
3 8664 2138 8366
3 7548 9847 9860
3 6934 9634 2263
3 1270 6119 6936
3 1502 1657 463
3 4061 7343 7693
3 6571 805 5347
3 1297 6376 4872
3 4407 7886 8074
3 7929 5549 2818
3 5470 8715 3768
3 5202 248 5978
3 3380 5489 4973
3 7257 181 6179
3 580 211 4101
3 9499 8368 7038
3 6782 9090 5363
3 892 5521 1019
3 8729 1587 1683
3 1846 742 9104
3 5345 2165 6340
3 8527 4126 2052
3 3597 279 2606
3 410 4050 7446
3 4572 5588 4597
3 3880 9477 8746
3 5977 2037 7580
3 3468 5856 6370
3 1136 6995 363
3 7999 3739 7744
3 9674 1505 6140
3 3388 1625 4350
3 6779 1478 7282
3 100 3679 6032
3 648 7432 7442
3 5552 3231 6598
3 2039 480 8182
3 8830 7825 6024
3 1883 9290 6781
3 3042 1996 848
3 6703 5734 1127
3 5884 5916 7061
3 2766 807 6178
3 9409 2905 6812
3 6050 6684 2812
3 6262 9211 8458
3 3844 3788 9721
3 685 3528 8841
3 6088 8507 8770
3 8232 7859 1757
3 5600 3417 5505
3 1855 368 4980
3 9210 1986 1191
3 4307 2149 4811
3 5911 2064 5937
3 3931 1519 3864
3 3867 4379 2017
3 7215 2320 294
3 451 9036 9662
3 5878 724 883
3 7954 5897 4093
3 2150 8749 6902
3 6842 5770 7789
3 1336 1020 3408
3 7938 6592 3913
3 4064 252 2011
3 530 1956 7586
3 2691 7939 2734
3 6241 6940 3198
3 1776 7130 3282
3 9297 6026 2078
3 8590 4725 6890
3 5206 6700 4638
3 3288 1100 5603
3 8146 1729 2147
3 8463 5087 857
3 4137 2897 7855
