172
3 114 147 75
3 494 447 253
3 294 438 110
3 367 413 289
3 424 499 31
3 180 51 261
3 163 370 126
3 264 262 337
3 213 137 407
3 479 69 421
3 252 61 30
3 112 329 304
3 140 334 65
3 200 285 218
3 327 493 467
3 172 350 165
3 116 397 44
3 483 87 208
3 202 353 142
3 106 351 376
3 130 74 394
3 145 216 265
3 325 390 301
3 486 206 49
3 37 286 54
3 21 125 259
3 316 90 24
3 162 170 402
3 176 326 36
3 426 412 460
3 152 465 115
3 452 472 445
3 233 71 276
3 201 164 223
3 139 371 386
3 100 246 15
3 214 248 70
3 67 178 299
3 157 160 102
3 466 312 256
3 275 462 86
3 310 93 448
3 171 35 97
3 8 279 135
3 362 489 94
3 244 283 46
3 290 150 155
3 333 441 204
3 404 182 198
3 431 342 111
3 338 211 136
3 50 322 132
3 57 308 417
3 124 13 482
3 328 363 119
3 459 321 197
3 12 249 220
3 104 226 53
3 191 62 58
3 400 247 485
2 339 428
2 430 464
2 17 236
2 418 19
2 450 401
2 427 480
2 491 89
2 487 403
2 103 9
2 120 11
2 395 251
2 309 345
2 0 471
2 383 349
2 43 219
2 179 101
2 225 436
2 365 355
2 181 118
2 149 29
2 373 25
2 399 16
2 461 319
2 470 239
2 443 288
2 105 366
2 121 168
2 385 40
2 229 91
2 341 166
2 380 284
2 39 429
2 64 210
2 478 107
2 113 281
2 343 364
2 187 14
2 457 356
2 80 455
2 199 151
2 449 234
2 148 56
2 215 440
2 269 335
2 144 185
2 6 10
2 209 96
2 381 368
2 271 348
2 488 109
2 63 442
2 196 434
2 159 408
2 330 456
2 302 439
2 23 212
2 76 59
2 189 305
2 186 473
2 477 409
2 306 277
2 423 358
2 315 207
2 497 173
2 495 128
4 217 258 230 481
4 250 4 369 458
4 221 227 453 303
4 28 425 161 82
4 66 195 405 314
4 274 352 55 292
4 307 266 311 282
4 433 359 296 235
4 240 344 260 377
4 324 354 492 192
4 241 158 3 84
4 41 267 237 263
4 291 224 257 156
4 95 357 133 317
4 475 272 398 2
4 108 153 238 419
4 382 42 490 88
4 416 391 411 232
4 20 22 273 435
4 295 410 138 131
4 393 313 268 85
4 175 174 278 346
4 34 378 33 18
4 484 154 47 38
4 92 45 169 32
4 184 77 320 141
4 496 7 384 340
4 300 297 245 415
4 361 360 134 347
4 81 27 127 375
4 437 228 332 389
4 392 323 420 183
4 143 372 446 396
4 122 123 298 254
4 432 188 463 454
4 167 26 318 406
4 52 388 78 476
4 444 203 222 68
4 242 331 73 1
4 79 374 190 193
4 146 255 469 451
4 468 231 48 498
4 117 379 293 129
4 287 414 99 336
4 422 177 280 72
4 98 387 194 205
4 83 5 60 270
