1628
3 3363 8708 4146
3 1333 6783 8606
3 4984 7200 1563
3 1575 9625 9528
3 190 875 9031
3 2162 237 5061
3 6290 6338 618
3 7774 2518 6323
3 9906 2199 930
3 8334 7163 9006
3 9884 5668 9407
3 3622 2598 4635
3 4866 5661 3708
3 3650 8892 3001
3 7225 6577 4262
3 2588 842 7961
3 8202 9821 4333
3 4042 8350 211
3 9539 1702 7466
3 9501 9933 3027
3 1276 1090 1992
3 4559 6689 2013
3 4531 1461 5667
3 6086 702 6314
3 9982 3844 1918
3 7053 4193 9547
3 2467 8670 8723
3 7283 2579 6716
3 3311 9124 6589
3 2025 2237 3218
3 3729 8214 7887
3 5333 2169 7565
3 8508 2413 8077
3 7042 4288 6326
3 9611 489 9695
3 6291 6976 8392
3 5765 1851 2035
3 8859 30 7510
3 543 480 8299
3 6437 8931 6916
3 9691 5951 6285
3 9045 8210 9737
3 559 3431 7013
3 5077 7749 1242
3 4915 2259 2473
3 2082 9398 2474
3 5345 4956 3084
3 2963 9300 1240
3 5980 5530 8841
3 7663 8893 5813
3 6242 2747 6850
3 1873 4912 2893
3 3387 7319 2514
3 7280 3735 7650
3 6847 9761 7001
3 86 6234 6590
3 5216 4555 9511
3 4077 7441 1943
3 6664 2865 4200
3 4625 9702 5517
3 5726 6108 7438
3 3942 7539 4295
3 8183 7641 6898
3 3373 435 7867
3 4897 3566 1184
3 5264 6048 2844
3 9292 5810 1369
3 7311 6953 5266
3 911 8492 8856
3 5319 2466 5550
3 5719 4287 4473
3 6894 557 9333
3 6026 151 8899
3 8639 8848 6224
3 8095 6381 1724
3 2631 7506 3675
3 6122 6708 3455
3 9758 7518 9457
3 3034 8833 1515
3 7241 1296 8645
3 7700 8992 621
3 4800 697 4603
3 6409 1572 660
3 2092 9868 686
3 7559 8821 7783
3 4978 2577 1148
3 9435 6619 2250
3 4494 6058 2610
3 9084 2394 2774
3 188 9152 3114
3 4296 6454 1007
3 2290 4735 3328
3 4375 2992 7226
3 7711 2617 361
3 884 6044 9448
3 1325 8795 1598
3 9609 2298 9253
3 1791 4673 2538
3 4500 4204 4326
3 1716 1743 4441
3 3951 2140 3340
3 9521 6864 419
3 2014 8676 3211
3 6717 1176 6939
3 7988 701 9862
3 9909 7856 5981
3 68 2115 9107
3 9310 9709 9717
3 3832 5586 1848
3 9537 8576 2559
3 5372 7404 4386
3 2347 3384 9334
3 8941 7849 6
3 4286 4542 3309
3 1162 8151 5502
3 1609 547 4654
3 5143 900 5409
3 4279 3096 3118
3 3281 3413 3038
3 8793 4350 7931
3 8826 9458 7563
3 3901 3900 3710
3 9711 6876 3923
3 1336 8110 3450
3 7669 9756 2340
3 5803 8490 4440
3 9649 9121 6628
3 3955 9876 7371
3 7844 6506 2605
3 8895 2279 6429
3 1882 4960 732
3 5452 7289 7236
3 1521 9598 4484
3 1281 8073 1319
3 7851 5518 6403
3 2978 4051 4275
3 7900 6077 1567
3 3983 1495 9966
3 6097 3705 6844
3 5642 243 4785
3 8195 8039 3227
3 1746 2352 6268
3 4119 3009 5407
3 4954 3933 6512
3 7962 9824 9648
3 5155 6772 7448
3 9343 4481 2733
3 9282 3404 4512
3 5856 2537 1509
3 1195 4521 6423
3 5482 1168 3379
3 9392 5038 5454
3 990 6599 8902
3 1091 2897 4210
3 9813 8623 256
3 1828 1067 2648
3 5377 7211 4053
3 8193 6016 2322
3 5488 6432 23
3 8759 6533 5811
3 4556 5750 5578
3 7553 8845 9603
3 2289 1497 2912
3 2247 4957 2312
3 498 3215 3918
3 5177 9022 3915
3 4910 2399 7329
3 8960 8582 1587
3 6997 5225 7403
3 4934 9613 8131
3 4642 1373 8134
3 4631 8756 798
3 4041 554 3255
3 2951 6321 8280
3 4370 2560 6518
3 2813 7106 266
3 838 3314 9397
3 6880 3245 5846
3 7093 5682 9791
3 7717 4076 7974
3 7180 4470 2563
3 9803 4639 6100
3 6604 5537 1102
3 743 7256 7113
3 5343 3785 3197
3 451 3407 4975
3 8307 6149 4612
3 7581 7298 6336
3 1341 698 6951
3 861 1617 2664
3 6195 6300 7359
3 5033 4552 248
3 3172 5612 3980
3 4143 7555 4167
3 1658 8086 7338
3 2392 6219 1092
3 9563 5260 5269
3 2365 9865 9312
3 6949 3699 8958
3 1386 5545 1005
3 4400 3782 9714
3 3826 7233 6222
3 5564 5679 3465
3 2691 1820 6705
3 7983 2966 5494
3 8240 8166 184
3 3253 5166 7175
3 7133 8072 1582
3 1784 4099 5893
3 4585 367 8818
3 6718 6255 8961
3 3273 6656 6666
3 6881 4636 2791
3 4184 6806 5107
3 5555 9812 4376
3 8633 2333 55
3 7248 3695 616
3 4406 4702 3931
3 3731 2371 8980
3 7493 5223 7554
3 3470 331 5309
3 3967 3763 810
3 3498 1219 7840
3 4929 5398 1488
3 584 7267 9346
3 846 6358 267
3 4739 6858 7859
3 5366 761 2272
3 4306 1863 9064
3 8457 1615 5978
3 4787 9298 5851
3 6046 7948 1023
3 7694 8477 764
3 7090 1174 5866
3 7087 6985 7836
3 9997 942 3385
3 9595 8362 1607
3 3518 5229 9226
3 9192 3884 7263
3 1769 2717 7913
3 633 3198 5085
3 8627 3787 6697
3 8786 2121 9940
3 7880 5525 7027
3 8340 5137 7461
3 9441 740 6819
3 6825 1258 6736
3 1852 270 7261
3 4692 5737 6240
3 2810 4385 9158
3 6906 6625 4190
3 1947 9548 9437
3 2612 1783 9798
3 5915 5620 8099
3 4421 1213 1879
3 2113 8440 1147
3 2496 9259 6413
3 7068 2264 8235
3 2023 9313 5213
3 3115 2680 2418
3 6503 7897 70
3 3814 1695 1586
3 4699 925 9706
3 6851 3287 3333
3 3976 6482 3378
3 9652 4782 6054
3 5802 825 1225
3 706 7054 5703
3 7726 2242 1553
3 6751 1654 8293
3 3017 6490 7244
3 1062 7324 7136
3 7790 1173 8160
3 1708 4477 6614
3 8737 3435 1749
3 1518 3161 4178
3 2406 5655 2546
3 6678 2625 4715
3 1816 6220 9496
3 2991 2515 7301
3 3365 3112 939
3 7128 3846 9929
3 5631 5105 5440
3 4172 103 1414
3 4222 7817 8500
3 2310 2030 5477
3 5585 2494 3585
3 333 6072 2526
3 3790 8036 9264
3 5720 1000 7915
3 2145 65 2618
3 8763 4111 5552
3 9977 5069 193
3 338 7490 7877
3 6227 3676 1411
3 1117 7135 820
3 7732 4852 8435
3 6145 3954 5120
3 1535 1893 5128
3 3885 1733 2971
3 1552 2825 1911
3 4148 1359 3382
3 3558 63 713
3 737 214 2472
3 4147 3106 5400
3 107 5587 4394
3 8489 4408 9849
3 6049 6126 7337
3 750 9571 1087
3 4917 3780 6412
3 8338 7088 4607
3 8553 7114 9723
3 2947 8065 2903
3 8991 2368 920
3 9471 923 6317
3 9159 2547 1845
3 8790 8967 8536
3 7528 7184 6391
3 4977 2031 2373
3 1182 7593 102
3 7028 5485 7252
3 4751 7454 4256
3 7607 525 5064
3 1551 7750 6853
3 6171 9891 2134
3 9632 9696 5710
3 8186 8060 8540
3 7016 21 3011
3 4378 2870 3247
3 8384 7719 6504
3 2641 2048 9375
3 1134 6672 5794
3 4152 6335 1825
3 9953 7447 1188
3 5716 4652 3899
3 9032 3809 8016
3 5950 2678 7423
3 3685 2361 5858
3 4409 522 3428
3 8695 1855 5561
3 2307 2029 1394
3 1950 1680 3767
3 4186 5401 983
3 99 6811 9985
3 9070 738 9126
3 3613 3285 5949
3 770 8984 8043
3 3624 8085 8601
3 5865 9751 3715
3 7822 2700 1759
3 4572 8584 6812
3 7468 5546 1671
3 2501 3268 2757
3 2191 8446 1284
3 6610 3856 720
3 2376 9846 7745
3 9576 4049 1630
3 7792 8651 8745
3 6693 4510 935
3 3226 8588 3394
3 8377 7786 6461
3 2012 5558 6703
3 9082 8313 8032
3 5416 2492 471
3 7513 9965 2143
3 3796 7422 4456
3 8867 8571 8726
3 6857 2663 749
3 6778 7290 3919
3 5481 5570 1088
3 5780 1946 8225
3 9053 1142 7839
3 7914 8697 6878
3 7084 9477 6458
3 1669 9557 8400
3 2777 3182 5289
3 8753 3007 6050
3 4893 2377 9740
3 9960 9003 3263
3 4486 7119 2229
3 4672 2866 203
3 3702 8936 2166
3 9248 4881 9103
3 1243 1829 2589
3 2779 4081 6168
3 8229 5364 6070
3 3582 6530 5932
3 717 4393 1788
3 1608 7479 2656
3 9643 9762 7834
3 7159 9675 5130
3 3947 1628 9332
3 874 3316 4844
3 2407 5700 4855
3 5887 8878 3773
3 381 1473 5408
3 409 6107 1910
3 7869 3789 784
3 2592 9931 2761
3 2997 684 6430
3 7637 3991 2502
3 353 6730 8324
3 926 7978 6638
3 4861 545 1740
3 8410 7922 7912
3 1728 9514 3228
3 8687 1722 7597
3 2364 6765 7376
3 9071 8401 5046
3 1928 1306 1318
3 3966 1665 3577
3 1937 7005 2715
3 1136 4697 4308
3 1686 3847 7894
3 3184 6856 1711
3 4270 2249 6900
3 7541 7841 7108
3 4334 9145 7134
3 7925 8380 5975
3 3641 5391 3343
3 4896 5147 2927
3 1415 845 3958
3 7588 8386 873
3 7196 5681 576
3 3749 4464 13
3 7796 2823 7957
3 8068 9050 6854
3 7854 3256 4170
3 2937 6111 2202
3 4389 661 551
3 1639 6987 1856
3 8344 7472 7158
3 4243 2630 8176
3 315 9520 3395
3 175 3321 9234
3 2645 9651 7344
3 7818 9685 540
3 7968 7033 4638
3 6159 427 1115
3 8081 1808 5200
3 6694 4208 1819
3 6213 7020 6757
3 4535 3698 5
3 1331 6254 2457
3 9889 9910 4231
3 6699 4923 2064
3 2713 4759 4233
3 2853 7160 6732
3 1307 2859 9033
3 6405 5607 2448
3 454 6206 9484
3 5227 9355 8285
3 6399 6540 6475
3 8766 2673 5397
3 7103 391 458
3 9125 1674 8700
3 6784 6217 5911
3 5822 6286 3866
3 7489 6608 4261
3 2672 3243 9320
3 2306 3414 4943
3 9460 7576 929
3 6194 1217 6771
3 2155 4615 2383
3 3201 2443 517
3 4504 671 32
3 7681 5905 1357
3 1846 6280 8140
3 4290 7067 8339
3 1166 9456 3500
3 8284 7266 4023
3 4671 585 104
3 7156 2845 792
3 2818 1741 9005
3 2852 3673 1064
3 5032 9156 8613
3 8581 2204 707
3 6250 8264 9808
3 9267 7830 1043
3 2398 3212 5004
3 1510 4429 982
3 5465 148 1871
3 4503 7450 9054
3 5261 8718 7966
3 8078 5857 442
3 1954 6085 3436
3 9897 9682 2796
3 2006 3762 3576
3 7757 9249 7939
3 8701 5330 7367
3 8939 6746 9680
3 4474 7688 3950
3 4358 8427 7162
3 6265 9350 9377
3 9864 5825 6297
3 4238 6573 7051
3 5429 9230 4321
3 8696 2923 6626
3 5237 7464 6203
3 1858 2126 4487
3 7345 7277 515
3 4351 8394 300
3 9027 4207 6495
3 4102 2109 3737
3 2323 7909 1483
3 2003 8157 5447
3 8445 2284 8336
3 2483 8376 8475
3 7374 597 39
3 6921 8567 1842
3 3893 8287 7341
3 9731 6676 1421
3 6463 9251 411
3 3981 688 6734
3 1011 2860 2102
3 8920 956 1112
3 4007 1679 4136
3 3532 3491 1626
3 2081 4880 5050
3 582 459 4650
3 8776 444 5418
3 3257 9063 9349
3 2070 306 1151
3 5094 6043 9801
3 1964 8669 5739
3 1527 133 9589
3 3004 3529 3223
3 7315 6440 6076
3 2814 6477 1309
3 6962 9820 4352
3 3560 2692 9837
3 9151 3163 3687
3 6351 5219 5776
3 2724 5764 6655
3 277 3733 7686
3 4952 360 9467
3 8994 2273 60
3 3777 620 3997
3 1171 5078 1942
2 638 6173
2 7837 8438
2 6259 9905
2 2108 5936
2 6081 8406
2 5220 9079
2 3684 2505
2 1475 3682
2 5885 5884
2 212 1984
2 3240 4551
2 8558 9869
2 9986 8563
2 623 5217
2 2838 6741
2 574 5740
2 4570 7429
2 887 1874
2 8126 4192
2 6241 3896
2 1854 6663
2 9111 9935
2 8273 9743
2 4176 3278
2 6821 2521
2 844 9242
2 5209 2987
2 7788 2276
2 4599 3487
2 902 997
2 6682 5757
2 6959 1906
2 666 2010
2 4825 2196
2 1869 8390
2 5210 1355
2 6849 4180
2 5276 7254
2 4821 1975
2 1455 7322
2 7524 9684
2 8765 1053
2 3338 7728
2 2882 9726
2 6225 7110
2 6105 5189
2 4205 7977
2 8599 7474
2 1675 1868
2 4614 2253
2 9094 9922
2 5779 1366
2 2085 9373
2 4678 1170
2 6553 757
2 7676 4783
2 7040 1330
2 2632 2525
2 8643 1055
2 8012 4442
2 9246 6047
2 1165 2062
2 7937 9942
2 4754 2887
2 2084 3480
2 4401 7594
2 8844 9227
2 4898 8715
2 9223 3138
2 1877 4322
2 4899 8220
2 7838 9517
2 2545 9302
2 4181 5196
2 6879 3913
2 4061 8885
2 4381 6807
2 2187 6313
2 4489 355
2 4628 2604
2 6398 831
2 7274 3616
2 9880 6181
2 4220 512
2 6139 9194
2 4561 4527
2 8518 313
2 4289 2141
2 5948 3464
2 5731 9120
2 4565 1430
2 4730 8098
2 6500 2442
2 1056 4314
2 3136 3728
2 3982 9497
2 7780 325
2 6119 2354
2 2210 6966
2 3493 9338
2 8649 6621
2 7000 491
2 1867 1084
2 106 7615
2 4131 7486
2 1885 8954
2 8044 1192
2 721 7587
2 3251 4741
2 8660 9419
2 320 6252
2 2107 5487
2 3516 6269
2 4773 3319
2 843 2900
2 4209 7994
2 6057 3968
2 2408 636
2 5326 1247
2 5788 1961
2 7778 5115
2 1604 1698
2 497 986
2 1465 8409
2 6576 877
2 8365 5521
2 4253 4273
2 8005 1214
2 8297 8884
2 9853 533
2 2018 3126
2 4579 7002
2 4606 9257
2 6315 4068
2 8461 7117
2 9674 2124
2 9500 5744
2 1348 8586
2 7363 3989
2 1003 1847
2 4870 2254
2 1427 3180
2 4807 1390
2 4691 1409
2 1896 7406
2 6387 5031
2 3692 1322
2 5653 651
2 3920 8305
2 3781 6572
2 9763 2683
2 2486 3102
2 6571 7767
2 5678 5248
2 5083 7201
2 2049 3049
2 7675 9356
2 4752 9478
2 3175 1001
2 9202 6770
2 8430 905
2 2374 7798
2 1069 1068
2 4592 3770
2 8531 8959
2 879 8621
2 8637 7993
2 6359 3050
2 7527 7207
2 8668 7630
2 1095 8781
2 2004 7012
2 3824 9266
2 1844 8605
2 1321 8046
2 5917 3636
2 2523 1539
2 1289 5090
2 9396 5606
2 9957 821
2 800 3615
2 2699 2414
2 9623 4457
2 465 5250
2 7214 2009
2 6810 908
2 5275 4482
2 358 3305
2 5910 5685
2 7056 8748
2 1376 6761
2 6640 6970
2 6129 5532
2 7500 5738
2 5852 1577
2 8657 8693
2 1813 970
2 4608 4283
2 1155 1642
2 1434 1502
2 5445 1673
2 3724 8729
2 6385 530
2 4197 8813
2 92 4039
2 45 7471
2 9733 3821
2 7876 1123
2 2921 9504
2 591 1736
2 3618 938
2 8056 5913
2 6267 6162
2 8741 9390
2 3290 9085
2 7843 1191
2 3595 6538
2 8150 5941
2 2051 9224
2 7769 9473
2 6840 2314
2 397 9828
2 564 386
2 6420 7048
2 6865 3454
2 2470 6296
2 5259 3719
2 137 244
2 7789 3072
2 9776 2391
2 3360 655
2 9395 4812
2 1503 7375
2 4771 5012
2 7064 4753
2 6312 4091
2 6642 1876
2 4991 1621
2 2438 8407
2 3190 6890
2 4649 7246
2 1042 662
2 87 7810
2 3143 9344
2 2032 9490
2 8265 8295
2 412 1484
2 7835 5879
2 9658 7076
2 5011 1747
2 8473 1774
2 5368 6406
2 9898 4104
2 3823 6652
2 406 3859
2 7621 8184
2 4918 952
2 8806 4516
2 8420 1570
2 1569 5584
2 7237 6932
2 2440 5754
2 5795 6586
2 8975 1756
2 521 2535
2 9899 4447
2 3635 377
2 5621 7511
2 9261 6579
2 446 8379
2 9211 6266
2 1935 6960
2 1919 7938
2 2988 5460
2 3527 347
2 2076 2477
2 5882 9411
2 3799 906
2 8037 7970
2 380 7908
2 4108 2458
2 3597 5538
2 6110 9412
2 182 4645
2 8298 8511
2 624 6074
2 3880 2159
2 4191 4744
2 7832 8869
2 5961 2782
2 690 5957
2 9326 6924
2 2507 9683
2 9357 6235
2 8788 9109
2 2339 3922
2 8352 8212
2 9170 513
2 3104 6615
2 2857 415
2 481 6158
2 268 8853
2 1019 4958
2 9461 4626
2 6654 1833
2 1914 8579
2 9963 7734
2 7979 6979
2 6578 4
2 3659 5869
2 2785 2917
2 1047 8315
2 4781 9288
2 4156 7870
2 8154 2655
2 6554 7004
2 4695 9975
2 3756 7862
2 8842 5974
2 2934 2982
2 7321 9015
2 3666 6971
2 3553 3429
2 8172 4359
2 3158 4307
2 7006 9513
2 941 4725
2 6361 8161
2 4677 2693
2 5049 2193
2 1637 8177
2 3902 3157
2 1152 4967
2 1382 7599
2 6727 9983
2 880 6696
2 5074 6846
2 1498 4009
2 6092 3317
2 3961 7963
2 6036 4879
2 1571 6045
2 2549 8053
2 48 5831
2 546 379
2 6710 9241
2 4438 507
2 962 5909
2 8979 9644
2 4632 6661
2 8466 2488
2 8130 4248
2 2086 788
2 650 2611
2 5175 1338
2 724 3324
2 2554 1612
2 6748 2910
2 8092 9106
2 3005 327
2 5359 4089
2 8331 8506
2 7288 4544
2 3575 4963
2 4508 927
2 8173 161
2 1371 2970
2 4588 5922
2 7342 7647
2 340 7799
2 7785 6514
2 9665 2385
2 7409 5816
2 5434 8174
2 9701 6347
2 3497 7888
2 8840 8035
2 3570 9081
2 3069 8630
2 78 7295
2 5334 4926
2 302 5150
2 6662 6244
2 9409 2933
2 4882 3488
2 5864 4434
2 1215 5647
2 9955 3747
2 12 1346
2 9450 5317
2 2481 6859
2 1664 5527
2 3536 147
2 7419 7678
2 9918 8548
2 9459 425
2 90 6120
2 9436 9707
2 9102 2637
2 9924 4664
2 9672 4841
2 4757 9893
2 6273 3151
2 3941 2168
2 2402 1789
2 2359 3466
2 2036 1997
2 5758 2311
2 7570 6087
2 6005 7829
2 3134 9588
2 9354 7580
2 5039 4829
2 3075 5234
2 8566 8328
2 2132 6674
2 6580 8372
2 8320 4902
2 5071 695
2 7007 5588
2 7605 8557
2 589 9228
2 5367 2835
2 3509 5164
2 565 3334
2 7475 3854
2 6262 2309
2 62 9009
2 3606 7487
2 1453 5632
2 8227 9138
2 9316 4221
2 4653 8725
2 5982 2911
2 6013 7369
2 8404 8091
2 5327 6605
2 5178 3581
2 2224 5379
2 6356 7986
2 3079 5919
2 6027 9166
2 8620 975
2 170 3371
2 3999 4293
2 3871 4369
2 5966 7689
2 9486 7186
2 7721 43
2 2999 7770
2 8165 436
2 1832 5540
2 9216 4874
2 4377 2050
2 8232 630
2 9215 4299
2 5926 6191
2 1378 9324
2 9659 3288
2 6021 9342
2 3863 7484
2 1226 83
2 3043 1998
2 3584 2235
2 2479 586
2 5034 793
2 3627 9700
2 1405 296
2 94 8048
2 1275 7903
2 5574 972
2 9193 180
2 2172 4745
2 937 9439
2 6053 3241
2 8516 6258
2 7433 1636
2 9042 9186
2 6602 3160
2 4501 9739
2 3249 7684
2 7775 2158
2 253 4271
2 1295 4072
2 5528 6362
2 8524 3864
2 7998 7126
2 6618 7764
2 4711 9294
2 8415 5044
2 6079 3152
2 6368 9231
2 3836 8378
2 2052 6529
2 7011 8418
2 9240 1985
2 3802 4687
2 6670 7413
2 3078 9035
2 1444 5706
2 7177 866
2 1546 6690
2 7501 2456
2 7723 9278
4 7024 5912 7425 1625
4 5850 4252 200 6052
4 1027 2 958 9885
4 511 1103 8998 5124
4 5016 3449 2993 7164
4 7199 7685 3300 8124
4 5329 8459 2784 3040
4 1827 2122 5662 3725
4 3014 3358 281 434
4 8875 6223 8119 4796
4 5728 1316 611 3204
4 402 1052 5569 7956
4 1018 4634 486 1489
4 8675 9839 9716 6302
4 2742 9394 2344 2524
4 5351 9165 165 3353
4 6438 6948 3556 9389
4 7149 2001 3234 5883
4 4006 9199 3858 590
4 368 889 8416 3443
4 9307 6125 5591 2722
4 6096 9387 8385 5144
4 6992 694 7890 2244
4 5638 3062 1315 3279
4 1831 6700 8591 4799
4 4399 1345 7960 2008
4 9901 3021 4868 422
4 4590 6167 7625 7947
4 309 5976 9314 9900
4 56 2924 4028 5281
4 9364 3390 8322 5093
4 1713 3517 5076 4084
4 9474 1046 4834 2572
4 2005 6680 976 6744
4 4676 9856 3094 6416
4 3411 4467 399 7987
4 1159 7245 6675 2551
4 2360 448 2227 2576
4 670 915 8423 7765
4 8485 447 1469 2150
4 9268 7097 8926 1426
4 7218 635 629 8880
4 1317 8743 8250 7412
4 2157 568 9188 9083
4 9452 6459 3250 9489
4 2230 3097 5267 5862
4 7892 7720 6902 8659
4 9831 5622 3196 4733
4 7699 696 2626 5657
4 5522 1864 1777 526
4 4354 4218 209 1086
4 2130 2530 2454 2788
4 424 5724 3315 653
4 1326 4380 1519 8924
4 7017 2868 4404 981
4 7758 1477 2746 2957
4 2318 769 7562 9271
4 8614 6513 3472 5062
4 7898 837 8047 2727
4 7569 9108 3058 7930
4 1229 4365 5747 3026
4 1690 5843 870 5403
4 2675 6782 7496 7626
4 881 8024 9827 9879
4 8996 5971 6885 1026
4 6492 964 9874 4817
4 9128 5153 5052 5473
4 7166 795 3515 4566
4 3417 7382 2799 8877
4 4996 3178 1541 8355
4 7281 5428 6226 6001
4 6253 1727 255 9163
4 6745 4927 9491 4675
4 3661 8498 3778 8451
4 4574 8580 6866 3267
4 5801 4696 4837 3670
4 9619 719 1544 2251
4 1593 6182 7240 4226
4 432 8564 5314 7030
4 7414 9600 9581 1143
4 6374 263 4770 8995
4 2241 346 9921 6101
4 4110 4472 49 2615
4 5799 7823 9299 8969
4 7462 6724 7584 6131
4 6961 8296 2711 8720
4 9532 3761 2914 3540
4 1663 5790 8105 7969
4 6264 5311 8607 9526
4 1960 8152 1884 781
4 1438 6685 1815 7724
4 7679 8933 1814 6328
4 6238 3741 272 6889
4 2137 5310 9663 5680
4 2091 829 7057 1050
4 1335 2841 1564 9750
4 4480 230 7129 293
4 7590 9487 6871 1909
4 1072 1038 2582 7668
4 494 1291 2266 8828
4 4276 4533 1623 7132
4 108 7377 3993 7603
4 9393 1299 7802 6118
4 4965 6355 9612 2439
4 354 6882 8323 4096
4 7366 7633 2822 9432
4 8493 5453 6667 274
4 75 5729 5897 9679
4 1606 6929 8537 8397
4 7049 4373 2039 3362
4 7753 948 2378 4436
4 9578 1530 2287 2071
4 9851 9867 8950 3965
4 6937 2591 6071 5138
4 4944 6137 8474 9823
4 7530 1894 8970 8628
4 3016 475 3634 91
4 9916 4505 6617 3207
4 9220 1406 7537 5944
4 6304 7346 2990 8771
4 8375 6294 8454 1891
4 7396 139 1273 5028
4 1610 5349 4548 7535
4 4320 3580 3535 8906
4 855 6179 7871 7334
4 5194 632 8191 1380
4 5352 4194 2972 242
4 6281 1257 6931 8004
4 9704 3878 1578 9814
4 3133 5579 3734 4292
4 8263 7855 6505 2555
4 7238 6065 2248 179
4 8710 4097 6963 994
4 3679 2410 5943 4747
4 77 5101 847 2902
4 4705 416 328 3663
4 1581 1923 7709 9219
4 5142 3432 2862 5087
4 3447 2447 8251 4979
4 8120 433 4859 1754
4 538 6944 3791 4122
4 7292 5507 6793 953
4 1523 6136 6337 5644
4 5853 1160 6780 2430
4 5231 5412 7330 5406
4 8468 192 6066 7165
4 351 6207 6645 140
4 1135 1403 462 1803
4 1085 1729 5415 5892
4 4228 1656 2939 828
4 259 3103 2079 9667
4 5374 9040 3736 3492
4 1574 2628 3812 7509
4 7091 1725 1270 9345
4 1137 1616 7347 3313
4 373 4656 4766 4346
4 3647 2423 9451 7174
4 6620 4909 6369 1230
4 6833 9218 2654 3132
4 3539 6496 1799 6612
4 7112 6471 8034 2351
4 3444 1439 1424 7325
4 9066 2356 2828 4145
4 8509 626 299 7824
4 6295 7644 2128 2553
4 9752 8702 7282 5224
4 8541 734 7365 7195
4 4724 783 2944 8090
4 6271 3323 2426 9998
4 3120 8117 509 3059
4 5562 6521 8889 7874
4 7393 5268 656 9774
4 8971 8142 2485 2056
4 4962 8824 5605 4529
4 7579 805 9119 1993
4 4804 9749 9401 2024
4 1189 7 6983 9671
4 5904 3308 318 6170
4 1402 6646 8532 3397
4 6923 637 4415 1251
4 6522 1198 9493 4581
4 9026 7779 8076 4995
4 849 9914 5566 3055
4 8499 1002 9479 1974
4 748 2643 7276 7805
4 5235 198 664 8850
4 4557 4520 3608 7400
4 6024 5478 9875 9593
4 3974 2633 9624 5342
4 5751 8054 6041 2419
4 2616 1745 8135 9133
4 2136 7021 4340 1554
4 9883 8522 4611 1662
4 9768 2913 2609 6354
4 7220 4595 4835 4803
4 766 9738 2129 8750
4 9585 437 7063 3013
4 7610 4453 1731 7980
4 6803 3478 1948 3668
4 1579 5146 6507 1347
4 311 5417 5967 2089
4 826 265 2396 8561
4 2200 3122 8677 9694
4 6002 7116 685 1094
4 6324 6340 6188 6344
4 2764 8260 297 1164
4 8530 8810 4040 8857
4 7247 8610 7730 2046
4 6449 5305 1922 7349
4 3514 2744 1244 7660
4 7673 7470 4888 1710
4 2436 9195 233 6393
4 4778 2657 2709 5945
4 6994 9140 8258 552
4 131 405 7795 6737
4 1139 5819 8727 1849
4 2682 3280 3554 9048
4 2775 3489 4537 4750
4 7179 7161 4083 7981
4 3419 430 4507 3294
4 6202 2022 4789 3841
4 7505 2855 5792 3746
4 801 9544 8535 6773
4 9533 176 6012 7224
4 3503 804 8891 7436
4 5808 9028 3750 6198
4 8792 1938 5483 8949
4 7115 9708 1447 2949
4 2475 5497 1156 639
4 8894 4738 7358 5508
4 7260 5649 363 741
4 8944 7556 3025 460
4 6183 9826 3065 3505
4 7794 5796 7061 384
4 3936 6918 4974 3833
4 8800 324 6010 6818
4 8714 2562 864 5870
4 9286 8064 2739 5466
4 6451 9414 1517 2043
4 4067 8031 4227 2989
4 3905 9129 3409 8835
4 1980 2832 7972 2207
4 3587 3375 8860 9554
4 6834 7507 8807 6798
4 1568 6714 2558 2800
4 6565 2446 3155 2283
4 6511 5496 2600 9807
4 1543 3544 8001 9634
4 1200 1700 5430 1694
4 169 2943 6779 6958
4 7531 8625 3531 7181
4 4838 3145 3073 2556
4 3984 5320 1400 3938
4 1826 9819 7294 733
4 6218 6519 8816 7025
4 407 4540 6249 4797
4 9481 6688 5580 3855
4 6977 7098 6494 3975
4 2877 6246 8740 5020
4 2059 1292 6237 5721
4 2763 8738 5288 6214
4 4982 304 753 5014
4 6424 5449 5786 4808
4 2358 1278 4443 5907
4 3351 5755 2206 8221
4 1059 2104 3810 5840
4 6981 7416 7420 4969
4 1511 9913 5659 7648
4 9596 9769 1417 5544
4 3361 6003 4760 4294
4 2745 640 378 3179
4 9969 3208 41 9258
4 2703 9499 882 9760
4 3712 8636 7743 3481
4 5218 7954 8019 5246
4 2842 8521 4563 1313
4 3366 527 58 1206
4 3298 8575 7959 5959
4 7902 9181 2510 5204
4 8604 5894 6999 6669
4 6884 9515 4847 3569
4 3552 3596 7044 5279
4 6261 1054 8038 3870
4 3331 5459 5411 2922
4 1028 453 1132 8830
4 4173 6040 6161 7951
4 5610 8917 3748 5193
4 1208 808 1717 1557
4 9331 3015 187 2690
4 4815 8018 5972 3977
4 6230 1624 1253 5722
4 1762 747 5573 4719
4 7793 502 9187 7296
4 2487 4232 8262 5002
4 4336 6644 3369 2236
4 3646 2337 2387 7691
4 7643 6933 2714 965
4 9569 6532 1987 7100
4 5370 4700 7571 4488
4 978 818 9367 7904
4 8040 8520 8449 2461
4 1407 2816 1886 7932
4 2794 8603 7144 4372
4 6740 3651 366 4864
4 6345 9654 3374 4121
4 8062 1105 8965 3427
4 3688 6763 8429 9405
4 3829 940 7547 2668
4 4992 6581 7942 7695
4 5203 5104 2313 8755
4 4267 6868 1705 8551
4 8181 9639 7343 1099
4 9527 2424 1445 2409
4 3124 968 6549 5627
4 2705 797 9250 195
4 3426 202 1726 7339
4 1216 8488 6446 2926
4 1334 8233 4492 4266
4 129 8190 7312 9060
4 8071 9 4862 2055
4 7661 7964 8721 5341
4 9565 7739 9029 3842
4 5450 6891 6272 1268
4 8133 5603 7921 7432
4 2697 2463 3665 3869
4 4291 2401 9074 9485
4 4883 8093 7205 6102
4 3420 658 2802 1022
4 2325 8358 4839 7715
4 503 3757 9386 2977
4 8629 7628 7327 1870
4 3439 5286 9383 3332
4 1797 9056 8102 9000
4 9536 2932 9698 1508
4 8945 9376 7477 1474
4 4801 2390 3473 3153
4 5637 6141 6346 827
4 4706 642 1719 3758
4 5617 5371 957 335
4 8674 6421 4054 81
4 2708 1968 3819 3680
4 3421 4106 9797 1986
4 852 8464 6305 4872
4 1779 7139 6411 4669
4 5106 6942 2453 2464
4 803 3100 4242 1647
4 3408 6061 1259 8922
4 4863 4138 2938 9270
4 408 5145 9454 5645
4 7039 4985 4230 6758
4 7431 6059 1344 9543
4 9911 9360 2243 245
4 5361 7481 6917 8398
4 8246 7118 4339 6216
4 6722 3610 5867 4342
4 1312 7138 4454 6955
4 6033 4123 7816 1381
4 219 6650 9848 5491
4 183 934 9732 9794
4 500 1239 2848 7127
4 2063 3971 3412 464
4 5624 6558 3642 5768
4 2261 6713 8458 2891
4 7514 6755 510 4558
4 6749 9650 7073 7107
4 833 2042 4972 9225
4 17 6186 4851 5752
4 3335 4690 6657 3235
4 2146 8912 3187 8615
4 1207 6018 2382 1767
4 6200 6908 9453 645
4 726 9836 799 3972
4 4004 6721 6925 8374
4 8705 251 5734 8910
4 1106 7499 4366 4316
4 8846 6742 9534 7512
4 2569 6152 2222 5784
4 1887 8205 3574 647
4 520 2034 1684 4767
4 1883 4824 273 4078
4 6329 171 4037 6431
4 4139 4355 2292 5149
4 5006 1795 2302 9676
4 7806 6739 3892 895
4 4816 6836 4161 1592
4 9614 2397 1029 1547
4 8148 3563 5307 7257
4 1393 1186 2497 8777
4 9991 8904 519 8974
4 539 7231 1802 9946
4 8592 3176 3089 2499
4 703 1513 3910 3202
4 9136 3348 8272 7934
4 5233 5436 2088 7411
4 1045 6635 1500 18
4 5567 6032 6450 4432
4 2863 5991 1187 6769
4 4325 8956 4455 3957
4 6995 7736 1971 9626
4 157 2156 1463 3077
4 7991 3028 4070 858
4 1349 3546 7826 8045
4 6140 9404 2586 5934
4 6597 1118 3591 3237
4 3669 8803 2027 7410
4 4113 9037 7889 2135
4 4873 4079 9861 3990
4 2578 4392 860 9855
4 9560 3274 6517 4213
4 9016 3312 9317 5648
4 2819 4939 1395 2370
4 534 1290 7520 5888
4 3564 3507 8010 3619
4 4546 9584 2429 5505
4 973 4309 5630 4125
4 3350 3743 3908 9693
4 5837 5315 3401 8030
4 9263 8749 5629 1481
4 8517 5165 4973 5523
4 7105 8543 5247 8923
4 7601 9483 4265 679
4 3626 4890 9174 100
4 5095 3718 5098 3927
4 979 4779 7583 392
4 2738 7399 473 988
4 4140 2953 2294 5575
4 2147 278 7667 3720
4 6117 1294 932 1703
4 4651 2719 6301 8568
4 2103 9177 9260 6695
4 5842 5651 8303 9830
4 4263 9964 5650 3660
4 9488 4795 7309 2160
4 3101 6824 3946 2161
4 3948 3956 5701 205
4 4216 3586 135 4775
4 5102 2781 1913 3446
4 282 3995 3485 6952
4 562 4016 1776 2149
4 2740 9947 8079 8399
4 7286 7014 8103 4036
4 7821 44 961 1375
4 5127 343 6132 6911
4 5899 5051 7381 8626
4 6017 5019 3861 7041
4 3262 5709 8201 643
4 208 116 400 4997
4 6103 1360 4395 648
4 1179 6460 2349 1941
4 504 6595 7860 1485
4 2096 9772 8587 5849
4 9508 4284 5599 3177
4 9208 8699 5139 5828
4 7920 4237 5298 4428
4 2321 1934 3524 3867
4 9415 1071 2117 7316
4 269 9154 2015 4032
4 9607 4313 5769 1337
4 4203 2958 7445 1332
4 898 2726 2053 5084
4 8013 4791 1203 8116
4 6082 221 1410 7202
4 2837 6698 4345 9662
4 5009 5362 4303 2557
4 5442 7299 1641 1697
4 2880 7706 6668 5063
4 7742 5705 969 2804
4 223 2642 141 2260
4 4419 1670 5035 2316
4 5015 9974 535 5129
4 4525 2896 6516 285
4 4818 2780 1693 5284
4 1304 8534 8017 1773
4 9968 2336 2919 5902
4 9146 1255 9281 7825
4 2057 5609 2762 2508
4 3461 7259 9096 1153
4 541 8985 2520 7797
4 3231 5992 5100 9681
4 7952 7598 1912 5021
4 3116 3523 9073 4045
4 6289 7026 3246 7483
4 2262 1384 4693 199
4 3744 7884 736 8027
4 121 3838 8025 5979
4 5499 5625 4903 4335
4 3501 5191 8396 9173
4 3119 614 6928 7895
4 2638 977 5239 644
4 5344 5422 8947 9209
4 6527 3482 6603 496
4 6373 5881 5785 8510
4 2567 2892 4402 912
4 2854 8964 6007 3633
4 1391 6473 9599 7255
4 5589 8269 4458 7437
4 1076 6134 8363 3003
4 2580 9995 5228 1041
4 5029 4877 3195 4024
4 4506 9958 2185 6442
4 8115 3860 7693 3029
4 2393 2324 4117 7395
4 5506 588 3644 683
4 264 4445 2395 4727
4 8125 4640 5026 8663
4 7943 6539 4833 8650
4 2221 3258 3067 6899
4 8351 572 4726 6353
4 7275 3457 173 2748
4 7010 2941 2871 5169
4 2534 2661 8185 8602
4 2536 5639 9809 7497
4 2270 3354 8882 9207
4 3962 1957 1732 2649
4 3039 1748 3110 2684
4 709 8223 4060 967
4 531 5946 6712 1760
4 3512 5301 4452 8373
4 6130 6185 7658 7812
4 9978 4201 5876 1599
4 5042 992 8388 3322
4 3217 3045 6184 1248
4 641 2403 4337 1363
4 8369 1140 5901 570
4 8680 374 8009 3475
4 6643 105 1718 3183
4 5872 1083 2614 6009
4 3601 4476 6452 1583
4 339 2883 3559 1931
4 1548 4153 2073 375
4 1428 767 5797 5117
4 3035 9353 2712 6596
4 8271 9280 487 5472
4 4554 4344 505 4922
4 3945 5820 4532 7150
4 488 8646 8207 5113
4 5635 8104 5114 5547
4 7791 6395 3525 8716
4 5163 2026 7725 7192
4 924 2928 2872 479
4 6441 3834 7561 7089
4 8008 7878 5346 2650
4 9956 8470 6113 6299
4 9058 7924 6904 8656
4 8871 3875 8356 9852
4 6575 7354 4721 5671
4 2619 9981 8618 4087
4 3483 4736 2570 7708
4 6813 7907 536 3225
4 2238 5998 4311 561
4 718 862 550 6766
4 8257 8957 768 5935
4 5873 4080 9822 8109
4 7735 6418 2045 6537
4 601 9939 1945 4722
4 4075 7038 2575 9352
4 5059 9664 1343 8354
4 4000 3377 28 1585
4 7677 8408 7392 8252
4 2948 7608 1901 8631
4 8239 7502 4212 2482
4 2983 71 5257 3573
4 2471 878 3714 4422
4 1211 8127 7640 1452
4 8050 3609 1121 814
4 3399 6115 5167 8925
4 9780 4788 8616 4044
4 5356 5141 3949 4277
4 1031 4241 8230 5205
4 6116 16 132 8843
4 9715 5152 8136 566
4 1734 6263 4245 225
4 3085 7846 9782 4682
4 9784 4684 262 9431
4 9970 5402 9949 5590
4 2660 6425 7609 2274
4 2016 8007 9887 834
4 677 7646 1533 1840
4 3959 780 4539 352
4 7418 9408 9423 2603
4 3329 8141 3292 9382
4 4624 9984 1310 9961
4 933 6318 2154 1254
4 3764 5338 2434 8330
4 6508 8512 9229 8480
