172
3 230 379 187
3 410 428 480
3 452 315 494
3 38 156 369
3 99 278 199
3 102 441 259
3 220 366 45
3 112 140 376
3 195 94 191
3 253 390 463
3 280 333 250
3 458 282 244
3 357 295 207
3 358 33 241
3 465 248 385
3 73 246 436
3 182 453 59
3 391 52 200
3 471 219 31
3 5 152 201
3 44 384 133
3 442 165 396
3 41 204 126
3 79 317 285
3 54 485 314
3 173 214 327
3 461 186 332
3 117 170 178
3 153 334 281
3 30 74 192
3 309 64 276
3 434 63 67
3 414 382 206
3 234 416 349
3 417 260 437
3 157 9 20
3 258 375 481
3 139 477 142
3 124 39 256
3 249 311 316
3 271 466 247
3 209 83 145
3 107 304 77
3 293 313 2
3 443 323 1
3 29 307 326
3 129 412 34
3 448 312 394
3 72 137 237
3 49 422 203
3 424 445 399
3 37 460 70
3 143 397 168
3 496 407 110
3 499 492 196
3 294 331 0
3 174 218 100
3 118 350 55
3 105 161 10
3 32 122 286
2 401 268
2 176 329
2 101 462
2 78 130
2 403 308
2 98 113
2 473 269
2 277 17
2 266 370
2 360 36
2 19 340
2 272 16
2 289 267
2 478 180
2 381 229
2 337 455
2 163 383
2 76 136
2 421 46
2 435 467
2 109 88
2 23 352
2 339 335
2 450 273
2 134 71
2 374 393
2 175 127
2 377 68
2 479 400
2 147 56
2 447 328
2 169 389
2 108 484
2 364 11
2 292 325
2 252 12
2 263 387
2 7 226
2 42 84
2 15 89
2 439 356
2 284 95
2 26 368
2 24 40
2 420 468
2 75 306
2 146 28
2 290 35
2 86 404
2 111 300
2 392 96
2 265 82
2 395 270
2 427 297
2 245 415
2 211 338
2 362 115
2 482 398
2 303 454
2 160 227
2 346 69
2 257 353
2 498 213
2 380 486
2 85 151
4 184 423 372 324
4 61 330 288 469
4 495 310 179 457
4 106 53 255 236
4 50 217 451 51
4 228 164 66 440
4 208 459 172 291
4 341 231 320 299
4 128 298 22 336
4 261 131 319 238
4 210 138 80 262
4 429 222 135 8
4 121 354 402 104
4 193 254 470 190
4 215 371 243 221
4 235 264 444 18
4 419 205 188 48
4 116 47 472 363
4 155 27 177 92
4 13 239 475 189
4 65 3 223 90
4 474 240 158 148
4 224 418 212 181
4 344 144 302 166
4 251 132 14 318
4 185 347 97 305
4 279 355 343 274
4 378 58 141 120
4 119 405 411 413
4 431 216 432 232
4 21 449 438 296
4 25 497 301 359
4 87 408 348 283
4 491 430 487 476
4 93 183 225 406
4 154 81 409 425
4 202 365 114 321
4 159 456 6 388
4 351 489 91 426
4 162 4 361 287
4 490 483 150 149
4 493 103 198 386
4 322 43 171 197
4 446 345 62 194
4 275 125 464 433
4 167 488 367 373
4 342 233 242 57
