1628
3 9450 319 5079
3 5442 7006 6157
3 2390 5066 5755
3 8815 931 2931
3 5019 6299 6932
3 9159 7252 3722
3 9336 4160 7497
3 6800 7680 6650
3 682 8490 1758
3 2014 2371 6311
3 4047 334 9244
3 4496 9954 7364
3 7671 8250 4451
3 6672 830 7698
3 2827 1280 8144
3 7098 4589 4936
3 7466 9345 6123
3 4729 7552 988
3 8084 4429 9179
3 8661 7757 9653
3 4357 219 7560
3 5404 5206 4472
3 5679 5554 5771
3 9403 1929 1089
3 7213 3385 4549
3 9658 7860 9151
3 322 941 6423
3 1552 2055 2907
3 7746 2106 5093
3 5980 8524 897
3 1110 450 3326
3 7993 7953 6054
3 9619 6452 506
3 5293 8484 6685
3 8240 6351 4967
3 7160 2813 8406
3 9438 7294 9058
3 108 1720 6974
3 8305 1714 1274
3 9666 4094 4075
3 5626 1476 7343
3 6860 5430 8913
3 6615 9342 1790
3 6819 7288 725
3 4287 858 8519
3 1999 1639 6830
3 2539 9598 1324
3 9822 2908 9995
3 1238 9370 6316
3 4841 5242 7735
3 6922 9346 3170
3 6637 5107 9919
3 2833 5428 7780
3 4848 6643 9083
3 7861 2769 9352
3 3811 38 376
3 48 8713 6967
3 8184 1731 8693
3 9579 6869 3635
3 5473 9904 8640
3 3876 4901 7713
3 3405 2866 154
3 525 3307 7150
3 7778 1326 7182
3 2209 7520 9235
3 1887 8167 8296
3 5238 7170 7723
3 4847 4097 785
3 9281 8726 350
3 3893 1586 4143
3 1410 593 3222
3 9565 633 5883
3 1571 3734 4359
3 8749 609 7660
3 9745 2756 1624
3 9787 1692 3536
3 8441 5490 3463
3 3259 3731 9362
3 6257 3336 6064
3 432 5528 3167
3 1200 3085 6458
3 6500 6242 3248
3 7657 9992 3791
3 3953 7956 4087
3 9341 6934 8337
3 2633 7816 9520
3 475 3315 1862
3 5813 3521 2982
3 3144 6970 8047
3 8460 6618 169
3 9455 2702 8773
3 211 4934 4310
3 5746 6305 9886
3 4778 9970 9665
3 4887 2475 605
3 8631 4685 7188
3 5547 3089 8597
3 2286 1253 4497
3 9475 7262 7938
3 887 5896 297
3 5562 570 5807
3 5903 8050 8124
3 1012 7663 4599
3 94 4664 6899
3 225 8557 7740
3 6334 7653 6713
3 9801 9491 9314
3 9131 9173 8048
3 5060 4250 9441
3 1870 4089 5751
3 5191 165 80
3 5190 7430 9019
3 9944 7999 7885
3 9305 4995 4132
3 8636 1100 2033
3 3262 2708 3587
3 5631 8975 9115
3 3910 1937 1686
3 2860 4049 640
3 1920 7503 5184
3 4288 2910 5565
3 9190 4076 3833
3 5046 6250 9225
3 5665 4261 8471
3 962 651 7741
3 8335 395 4244
3 8098 8454 8810
3 1984 8398 8540
3 5319 919 3425
3 4403 5790 5859
3 8517 8172 5063
3 3372 5393 9266
3 3844 402 3654
3 9952 2868 1852
3 8115 8717 5396
3 287 1310 8892
3 2980 8548 8986
3 4021 8736 8730
3 4890 9033 8186
3 7692 2565 5728
3 283 6118 2063
3 7192 6306 5273
3 3924 3330 8674
3 9730 4146 1164
3 8154 1725 9298
3 7327 1741 9645
3 796 5151 1869
3 3737 8029 4681
3 2300 938 9517
3 469 9311 6547
3 8814 6921 5822
3 7553 5985 7718
3 5304 3889 6563
3 9868 2414 2835
3 7585 4225 8649
3 8802 2711 635
3 8573 9955 4704
3 5907 557 3018
3 7224 3007 8699
3 997 1060 2696
3 3622 865 6883
3 8176 6386 5254
3 2460 7651 7245
3 6945 4301 6971
3 7415 1190 1833
3 8466 7018 9585
3 2030 8079 9389
3 5089 58 172
3 1729 2151 4877
3 5493 7390 5876
3 7318 5309 9051
3 7492 9144 3773
3 7448 4829 8376
3 7015 1919 644
3 1484 956 1813
3 4099 5762 9648
3 8059 9014 5610
3 477 1103 3380
3 7320 7463 712
3 2354 5306 9440
3 4253 2569 2548
3 277 898 806
3 3221 6990 2418
3 1302 854 7319
3 2147 2842 2620
3 975 9329 7039
3 4663 1172 5729
3 5440 6069 2430
3 4952 3795 305
3 2336 5259 2515
3 9825 4044 9299
3 471 7964 36
3 163 4986 5860
3 8682 8907 1445
3 315 3519 5732
3 9022 9422 5763
3 986 2071 5890
3 5727 3005 4147
3 6756 3825 7050
3 6946 6014 1379
3 2815 7195 4751
3 6321 6099 534
3 7296 5390 7280
3 5563 5879 5966
3 3905 9397 8019
3 8528 6659 269
3 9620 4058 8969
3 1467 6674 1575
3 608 7831 2792
3 6406 9276 4199
3 8797 6746 2609
3 5399 2307 8333
3 5155 9778 430
3 7800 4285 5700
3 1865 3624 7425
3 6022 8978 2626
3 6565 3718 6362
3 7052 8020 3342
3 7802 2498 9306
3 9808 8302 2989
3 4865 4431 5183
3 9614 8901 1531
3 6871 577 4329
3 3658 1217 7747
3 7697 4738 1619
3 9908 532 766
3 5632 6167 8686
3 4026 7877 8242
3 2535 8025 9606
3 7998 9057 4004
3 6497 8833 5308
3 1633 8392 335
3 6366 5482 2682
3 3331 7349 9554
3 4475 1278 6364
3 1770 2145 2518
3 3588 9049 5698
3 9752 182 9712
3 2049 8739 4161
3 3836 6706 9988
3 6251 9461 7682
3 5937 6773 7593
3 6140 9448 6767
3 2004 5330 405
3 6342 1604 7641
3 3974 8648 949
3 188 9062 5917
3 3969 4689 614
3 9375 8544 1707
3 4950 1949 6324
3 9193 6355 8729
3 6422 9512 4220
3 3618 6784 6089
3 8642 5457 951
3 7972 6002 3664
3 5858 3150 6375
3 5516 8731 9650
3 4956 2590 1371
3 1598 7077 4316
3 8590 3507 4265
3 5013 6178 5710
3 4944 9167 3098
3 8958 630 8558
3 5109 6255 9627
3 2725 8311 9195
3 4625 9743 6745
3 7265 9166 4034
3 2028 6343 8290
3 4036 7726 1534
3 7138 5854 6595
3 3848 8421 9701
3 4688 9091 5492
3 7508 2817 6620
3 5567 8055 2576
3 1296 51 5103
3 62 7311 8114
3 1181 6368 6953
3 6471 9996 4362
3 2038 4176 8843
3 7184 5167 3021
3 2785 8010 2406
3 6606 2075 3730
3 6507 6762 418
3 7829 2098 3621
3 4008 7675 1590
3 4931 1547 7794
3 6336 4833 8223
3 7716 4826 5553
3 2219 4404 736
3 4169 9946 4620
3 7257 4081 7591
3 1533 6660 883
3 4607 464 9681
3 4894 1517 8794
3 790 6222 3526
3 2710 1978 7249
3 1711 9171 1163
3 4661 4336 2
3 9030 9044 8132
3 7742 235 9722
3 2588 8683 3439
3 5598 110 2899
3 5205 2714 5332
3 3689 5053 1036
3 9496 7464 8708
3 9061 9958 4753
3 8775 7099 6960
3 5951 8812 4505
3 1086 7121 229
3 53 3273 906
3 6850 271 4686
3 9255 3082 983
3 6852 8446 2965
3 6786 7736 3112
3 1804 9459 6226
3 1261 7051 8547
3 7485 4402 7324
3 4059 5480 2971
3 9042 8601 5057
3 1702 4712 8977
3 4644 5781 4005
3 1451 817 5407
3 9636 5349 5433
3 4915 1527 7689
3 4501 1516 7111
3 2631 7146 9174
3 1251 9977 8617
3 5703 7305 7382
3 4333 441 7905
3 3720 5656 7401
3 6662 8072 2808
3 3419 3134 5792
3 2331 6430 6270
3 7066 3863 1061
3 3371 6424 2504
3 9710 1013 5572
3 2257 3800 327
3 7487 8658 2901
3 2865 7570 9360
3 4065 564 6206
3 9085 5623 5438
3 7181 5988 833
3 7836 2779 706
3 4090 7064 5032
3 1188 8671 253
3 5999 814 6857
3 529 6720 6180
3 4114 1370 8759
3 7332 9189 1500
3 3041 2364 5117
3 4674 8407 1911
3 761 5368 470
3 3715 1989 4912
3 1901 2933 7412
3 1851 9066 4240
3 4961 5930 4875
3 1974 4957 9695
3 8070 1229 4351
3 7381 3542 896
3 533 6399 2520
3 4442 7732 9494
3 1383 738 654
3 4859 587 7889
3 8926 9055 1257
3 7801 3672 5757
3 3378 231 1328
3 6155 1334 8440
3 8842 6992 6036
3 678 9126 601
3 9733 9100 2241
3 5474 1196 8038
3 4222 2997 5683
3 5827 1682 1406
3 6267 5436 2651
3 1391 3388 3428
3 9383 2558 3692
3 7210 8150 3842
3 2090 6816 2663
3 368 347 7106
3 6698 3971 1673
3 6043 2493 7892
3 6675 106 6741
3 3878 1709 8003
3 492 6203 4291
3 3427 3765 3709
3 2178 740 5110
3 5870 6496 7879
3 9036 3436 8511
3 695 5838 3154
3 9359 604 6612
3 6704 9202 2998
3 8227 3410 1958
3 3585 7622 259
3 6753 7963 8667
3 3952 116 239
3 8422 7509 4637
3 8711 680 6092
3 504 2740 406
3 879 3110 9473
3 3535 1880 3107
3 3383 7634 8246
3 9338 5344 8635
3 8267 9050 373
3 39 6779 7841
3 1515 6559 4628
3 1671 4870 3001
3 3610 6581 5804
3 2349 415 4916
3 9031 4074 4804
3 8724 2763 7551
3 1938 4210 8164
3 2370 6417 1968
3 8322 8032 3984
3 7792 5195 4232
3 1548 9286 2159
3 5938 2048 8413
3 4731 7003 4482
3 3244 5844 8009
3 2804 473 6477
3 7849 2135 3549
3 5277 1156 151
3 8276 2668 5434
3 1903 1239 4907
3 5606 1803 2753
3 1426 2466 2567
3 3268 3159 715
3 3806 764 6015
3 6791 4768 639
3 7761 6193 3764
3 2477 832 8
3 8162 2790 3841
3 9779 1946 3341
3 7217 2843 6237
3 4788 6545 3276
3 1942 9909 3233
3 7929 4650 6454
3 1425 7894 8719
3 220 1480 9633
3 7630 3982 4645
3 4151 2856 9793
3 2571 4487 1555
3 8295 888 7941
3 2491 5952 4662
3 5325 1364 4596
3 5359 8412 4700
3 5002 8652 8090
3 9747 8656 6371
3 5578 4375 2575
3 3778 1392 5582
3 5076 1298 4984
3 9776 2892 17
3 7333 1067 9278
3 8261 9361 7937
3 2826 6701 7857
3 5152 8750 980
3 7934 4218 5933
3 7085 8488 8134
3 9439 4672 6317
3 697 5573 4144
3 3711 8821 3512
3 3046 1528 1021
3 3493 5620 43
3 454 5119 9770
3 190 1215 6616
3 3285 6197 8274
3 9766 5504 8607
3 2850 7980 4415
3 555 3176 9508
3 5362 547 8023
3 7538 3474 8015
3 8213 4269 6196
3 3923 5203 6085
3 1814 4780 3591
3 5935 1878 4411
3 672 9893 3277
3 8935 2231 4765
3 5021 8899 152
3 1474 4356 7928
3 6594 8796 1997
3 8225 5628 2187
3 1244 5118 4374
3 8342 9568 1350
3 8331 6310 4449
3 5661 2289 6021
3 9583 3469 1369
3 2836 3755 1438
3 6994 8777 2046
3 6789 2960 5495
3 3434 5614 6373
3 6897 1469 2944
3 7339 7273 4900
3 18 2408 7079
3 4876 14 8774
3 2734 1613 1307
3 5835 8256 7328
3 9324 3489 7775
3 5216 1372 4746
3 7771 2646 413
3 4973 3095 3873
3 2134 7206 4263
3 2534 2113 5402
3 5639 563 8516
3 4401 3023 6202
3 3752 3495 2721
3 479 2957 1873
3 7955 5916 5439
3 408 6729 4115
3 9979 5289 1740
3 9018 8027 617
3 1885 7191 4972
3 1411 9781 5024
3 1017 3108 9418
3 5200 6872 2829
3 9315 6380 2433
3 7088 1514 2245
3 3619 5296 519
3 2979 7565 8444
3 2501 1122 7368
3 9240 3603 3422
3 8130 3996 4381
3 5387 2638 5761
3 1600 989 7601
3 9543 6963 7563
3 332 5849 4610
3 9399 5774 2015
3 7027 7948 3932
3 7334 9200 4438
3 8210 4408 6125
3 1258 7711 4964
3 4883 2987 9168
3 9880 5101 6288
3 5394 6792 8494
3 2050 8743 8706
3 6455 1097 8257
3 772 4550 1232
3 8677 792 3010
3 5336 6996 7893
3 2096 8906 881
3 9456 5740 8326
4 3102 40 2709 9844
4 6483 2481 2327 9177
4 9024 6098 6501 9857
4 8201 2110 2720 9498
4 9368 2146 428 8932
4 7884 5364 5861 8850
4 1524 2839 7037 6000
4 6982 5721 7272 7737
4 149 2368 8110 5820
4 3048 8633 6350 6309
4 8611 6105 6949 7094
4 9547 9001 92 1288
4 7302 1537 7670 3964
4 4067 2717 9321 7797
4 3488 1691 5968 2306
4 6793 4031 530 1294
4 279 4629 7586 6212
4 2667 5179 5621 1717
4 1597 3418 9004 5857
4 34 4937 7323 7561
4 6923 4358 3629 7569
4 7995 9073 1818 4158
4 3161 2428 8498 5979
4 774 7844 8676 8496
4 6154 7587 3661 6082
4 7238 5070 2131 4615
4 6665 6411 8963 9116
4 2939 6425 7240 4701
4 5960 1801 7530 6801
4 9936 602 3497 8577
4 5900 8946 392 671
4 8559 9578 1863 5176
4 4678 6775 3208 5201
4 6638 5268 8492 9391
4 4343 6110 3308 9081
4 2559 9287 1390 8357
4 20 3881 7270 9142
4 6207 2380 7752 309
4 8177 3467 6533 6307
4 1282 5873 8139 6260
4 5717 9974 3936 2974
4 4675 4023 6204 9201
4 6902 4483 89 1630
4 7158 618 4237 7989
4 8655 6127 7315 8518
4 3986 9412 3570 3638
4 1979 9737 7511 275
4 304 8659 2771 9672
4 5120 3951 1687 4177
4 7687 1182 2101 1798
4 5348 6777 6009 9178
4 3340 5106 7505 4048
4 703 6989 264 4673
4 7308 5682 2874 7481
4 4575 2485 1728 7606
4 3688 5287 4511 9854
4 515 2344 643 5068
4 5533 261 1787 5125
4 7669 265 4388 1401
4 1551 9510 6766 815
4 7876 9337 4245 141
4 6102 9384 3146 6870
4 1761 4720 8756 8803
4 523 1769 6436 1011
4 8949 8425 0 2805
4 2623 3197 9317 8254
4 8502 5585 8073 8480
4 5292 4289 1526 9552
4 1047 5047 6646 4960
4 9748 7769 5747 8138
4 9601 3904 2718 7868
4 3627 4806 8565 7909
4 9059 3934 6147 7204
4 8321 2427 3113 1521
4 1957 6211 2849 4873
4 5589 4369 8298 8584
4 5185 2431 6688 6006
4 1358 1272 6601 197
4 224 7979 5569 871
4 234 4399 4614 2405
4 4579 7072 9241 8179
4 3432 5856 8927 6095
4 363 214 4254 9283
4 2996 6894 5446 4018
4 5699 4413 6387 9103
4 8349 8284 1939 8057
4 1220 7949 4019 7643
4 7295 4586 312 936
4 1104 468 9503 7494
4 4091 8808 5750 2074
4 3245 5095 4416 6635
4 105 9186 2611 466
4 7751 2846 1668 2947
4 2873 8012 2544 1991
4 1737 2525 4104 9611
4 9080 6614 366 6761
4 1587 8763 8483 2402
4 6663 2854 4632 7822
4 3171 2579 2008 1409
4 3242 921 8061 7428
4 9089 5008 1676 969
4 7269 5315 3957 1596
4 1606 7765 610 6044
4 3728 3377 729 6796
4 9213 7975 5123 6440
4 4371 5915 7614 7631
4 8486 4083 1423 8955
4 7459 4278 9348 2092
4 5932 9279 1444 8255
4 66 9183 8997 3503
4 1925 4802 9269 487
4 6721 1646 596 9258
4 3680 3492 4117 8203
4 8233 2855 7059 5851
4 9480 8052 6948 443
4 7203 8828 1902 4679
4 6937 5312 3823 1499
4 8487 8367 5113 2746
4 915 5489 1316 6168
4 3915 1144 802 3948
4 4230 788 1774 3547
4 1192 9017 1793 6625
4 6862 1375 3376 3562
4 1656 353 6415 9783
4 5508 7507 2593 4760
4 870 4039 2398 2654
4 1227 1283 2599 7900
4 3360 552 5418 1473
4 7256 9677 1059 4320
4 9794 7227 867 1158
4 7605 8375 1366 4955
4 8355 8382 5225 1016
4 3350 3959 6340 5015
4 60 7370 15 9288
4 9975 7068 8704 7960
4 9604 1502 3781 9571
4 9798 756 104 7796
4 2104 2895 6641 2994
4 1599 7122 3003 2123
4 6703 6115 6889 9237
4 8350 9063 3073 8791
4 981 4660 7640 2661
4 8610 2143 7476 9297
4 7266 4078 1344 4743
4 9182 9029 9045 7549
4 5689 539 7633 1441
4 9702 1822 8703 7366
4 2700 3857 2630 8893
4 9401 1271 5299 8263
4 8896 6162 4758 8485
4 5339 5104 3799 818
4 7095 726 3135 7040
4 5199 707 2108 5139
4 5400 4295 7942 295
4 8982 1165 2673 1816
4 4522 6312 1986 9950
4 2248 266 908 2059
4 2531 5112 5499 3945
4 3116 8554 1629 6012
4 2492 2750 9757 6474
4 2954 1927 4947 3306
4 1696 8588 5977 8620
4 2437 7720 6248 4140
4 9259 7602 3260 9890
4 2267 9922 1915 6283
4 7082 8555 2584 2175
4 7544 4953 3970 8358
4 7613 8798 8415 4750
4 32 1142 9940 2350
4 2586 201 6597 5043
4 6177 4983 2091 5431
4 7522 2037 7110 9271
4 9124 7125 6926 1507
4 7880 7432 7306 3255
4 2083 6715 5810 6360
4 8998 7915 3294 7750
4 9445 6947 2755 4537
4 3384 5749 7721 8433
4 3187 1954 4565 3645
4 2093 4407 256 8758
4 4489 1053 5843 5395
4 4551 5228 5634 3573
4 2312 1342 358 7375
4 5471 6925 8381 520
4 8411 306 1146 3109
4 4393 338 716 2875
4 2072 7920 6578 2635
4 7644 2465 1820 2964
4 2392 7259 3037 9501
4 2938 4581 3992 3479
4 2340 8452 1154 7642
4 7940 4809 8131 2878
4 4173 5314 1359 5894
4 6238 8608 9768 4102
4 5194 7414 773 2445
4 4624 3009 3647 6604
4 9899 4223 4597 6586
4 4373 559 7715 1049
4 2619 3256 1329 8504
4 323 6624 3860 5759
4 2346 807 5470 8976
4 7550 9154 1376 5468
4 7887 5953 8792 9132
4 6441 9652 970 1508
4 4136 3300 8022 5052
4 3296 9092 3726 8244
4 8416 7483 4041 5170
4 719 1317 9767 1201
4 4519 8912 1131 5853
4 7279 6280 9987 3079
4 2314 5186 5655 6814
4 2163 4694 1794 6074
4 6050 9843 4061 7615
4 6534 9749 1973 8734
4 718 8239 3120 8755
4 3599 8675 1070 6909
4 1285 1389 8344 5570
4 1034 8920 4398 4159
4 4635 2107 3697 5603
4 1183 429 9128 8109
4 4560 1440 3278 9691
4 4514 7471 3045 6293
4 9726 317 4392 2524
4 1781 4032 1860 5135
4 8384 9426 1475 6128
4 3468 2648 391 2946
4 3518 9038 2505 1505
4 3716 1029 2297 7180
4 8723 3125 3739 8085
4 9937 4708 5574 2580
4 6290 9047 2983 7580
4 7895 3849 874 8629
4 4182 4412 869 984
4 9233 4066 6693 5276
4 9514 4669 2426 5444
4 8732 7504 9208 588
4 5523 5905 2605 8320
4 7568 1897 6225 1679
4 9993 3830 7119 1724
4 1704 3651 8965 1757
4 4299 2990 6642 5651
4 7127 6579 9587 6195
4 3994 134 1726 5964
4 4434 9290 2687 9065
4 2922 6094 9744 2483
4 1932 8883 2424 3033
4 6028 6879 2589 4079
4 2988 2394 7654 5208
4 5971 6651 7976 3920
4 595 8606 2703 9832
4 9107 8439 9163 5000
4 3856 7131 574 9715
4 404 2010 6765 3105
4 7837 8512 3916 7786
4 6634 5432 9254 5014
4 5427 8945 6181 1623
4 5420 3399 3193 4486
4 2391 4465 2137 1112
4 3311 3946 8530 9332
4 8219 2807 3184 2320
4 6593 4425 7178 8948
4 6190 5777 8469 4556
4 6893 3965 7965 6808
4 4335 362 7850 9127
4 8071 3250 1157 9836
4 5736 5770 6328 6676
4 8237 4791 4919 4943
4 9447 1805 9541 6943
4 9638 4542 7096 1967
4 184 9013 4889 6472
4 4507 546 7100 8436
4 7939 6829 7358 1185
4 3684 5619 7489 4064
4 458 3252 9676 6764
4 2830 6552 8449 2367
4 6289 6844 7912 2660
4 9959 5597 2958 2943
4 5887 2585 9164 5782
4 6901 9468 6294 3151
4 6608 8409 3938 5270
4 3137 1027 8033 6964
4 9772 2542 7167 3168
4 7667 6372 9939 153
4 2363 3077 2568 2089
4 7442 3565 5527 3802
4 9405 2883 5893 2355
4 6504 6752 5929 2034
4 6121 1837 3797 364
4 6531 4193 8941 7793
4 2293 8556 4366 3076
4 1809 2238 1963 490
4 9986 5269 2563 7997
4 5558 2809 484 2600
4 1279 7067 3014 8527
4 4885 3556 2156 8621
4 4608 2966 7455 6728
4 7573 9296 354 7081
4 3540 1306 6877 6230
4 6999 3827 7355 2444
4 7163 7652 7086 7169
4 8477 1831 74 3466
4 3449 6572 3063 5549
4 5207 3551 7917 2436
4 8166 4770 2516 4968
4 562 9577 8212 2519
4 3020 579 2768 3707
4 9262 5182 1836 2840
4 8767 1955 6838 7260
4 4167 5990 9133 4057
4 4793 7014 8252 1907
4 3870 5522 4643 7091
4 4339 3816 7783 5163
4 5991 6246 1449 8609
4 9714 5486 4582 7073
4 6941 3409 6536 8509
4 4105 8613 9369 8194
4 8864 5507 3050 1114
4 4450 3818 4748 8856
4 1479 6864 5108 8463
4 6886 4648 7065 3344
4 3490 8128 5340 4234
4 5833 8630 9889 6187
4 2727 2818 8937 4217
4 2494 1090 2216 6403
4 4216 285 3487 6404
4 5925 5738 9353 1439
4 5449 9813 8762 308
4 2321 1212 9895 8580
4 9472 7814 3029 2672
4 7990 7528 1936 2975
4 9874 8291 8064 5018
4 9236 661 8308 6245
4 8431 3703 3011 9829
4 7811 9415 7395 880
4 8898 2180 4636 4421
4 4634 7025 9599 2622
4 9581 8897 6332 550
4 7407 57 8216 1085
4 3925 720 6528 4951
4 1923 9497 1095 7952
4 4735 5506 4716 5936
4 3075 2122 1839 403
4 9947 3748 3092 5575
4 540 1214 2587 8294
4 5413 6977 5867 1909
4 542 2467 2759 2864
4 4719 3274 5030 8505
4 5702 6797 2816 5529
4 2919 925 9009 2526
4 9851 2073 2613 4027
4 1705 3363 5908 6035
4 6413 3317 5581 7582
4 8591 4033 6277 2634
4 4574 9841 9308 1388
4 5788 9264 3912 4418
4 5343 8994 1583 6535
4 9007 2666 4909 9385
4 2552 6890 300 394
4 209 1312 7196 4526
4 2607 7129 4945 5534
4 5735 3574 5038 812
4 3612 7690 2819 3126
4 9607 2403 760 6361
4 3832 1269 1267 3563
4 804 7932 3505 84
4 7813 3465 95 3997
4 3156 1584 2365 123
4 6367 6587 8709 2294
4 463 6576 7607 4591
4 4965 4149 4430 7208
4 267 8493 4060 751
4 6684 3788 4221 5248
4 9223 7419 9417 244
4 5641 926 281 2097
4 636 9639 3143 1993
4 9840 4077 5625 505
4 4380 3070 9219 8228
4 9035 9162 816 8604
4 8499 1121 8400 4515
4 5329 3908 723 1159
4 2478 911 4879 3123
4 7581 3228 2103 7890
4 9649 8747 3776 79
4 4872 1649 3804 668
4 8093 4828 3314 4084
4 2471 6428 6296 445
4 4737 1908 144 2440
4 4424 8862 3963 4119
4 13 4422 4600 8592
4 1203 942 1748 9558
4 5984 4100 4853 1101
4 3687 8062 5592 851
4 3225 8772 1206 781
4 5165 6530 7921 4567
4 5643 1617 8785 9732
4 6969 937 7118 7223
4 1509 6173 3642 6031
4 5716 2082 1332 839
4 2573 1072 621 9797
4 8310 4156 8491 8520
4 3322 1015 6038 3199
4 5447 7325 3589 7156
4 9622 2085 2221 6696
4 8639 7609 8566 4441
4 2774 1855 6846 3983
4 6914 2645 4028 9484
4 1464 864 827 9446
4 3004 3292 7036 8600
4 4946 5391 1640 6160
4 3602 145 5214 9961
4 6980 1962 2894 8663
4 4529 3289 9381 1006
4 9927 7289 2981 390
4 5476 22 902 9180
4 2832 5674 6794 1567
4 3729 7583 4910 232
4 910 748 2084 3270
4 9948 9810 8370 8451
4 3417 3117 2068 4819
4 5550 626 889 3541
4 3220 5517 1766 7429
4 8532 9351 2692 8108
4 7788 4379 4777 4939
4 7379 1325 5707 3949
4 3247 1943 2872 9041
4 2148 2550 5324 3903
4 7321 5981 8181 1436
4 5660 4718 8701 5818
4 2851 5640 2193 6135
4 420 191 1763 7236
4 6997 9953 1459 993
4 4827 4281 8934 4917
4 5164 6517 9751 9479
4 9561 6325 2409 4262
4 4474 1248 5027 7519
4 1648 3359 4107 7346
4 1654 2247 4300 2277
4 1218 1024 4583 3440
4 9111 1859 4202 8830
4 137 7532 8679 7283
4 7665 348 2094 5630
4 251 826 3080 3879
4 4822 5672 419 586
4 1490 524 5138 9705
4 3782 5652 9738 435
4 634 7234 240 2472
4 9799 9303 5701 6189
4 7559 4994 5247 2950
4 1538 7166 3142 6900
4 4290 6078 255 2054
4 9145 2186 6410 9034
4 4153 1028 3532 7834
4 4025 7185 1295 4698
4 4540 7554 5281 6708
4 7303 1666 382 9817
4 2956 4086 5072 8695
4 2637 991 6737 4364
4 276 8742 2553 9802
4 1690 9533 5648 9984
4 9629 7748 1408 8871
4 4016 5914 3753 1655
4 3770 2497 2220 5288
4 9043 6338 2065 8752
4 759 4693 4779 5546
4 3198 551 904 5453
4 5305 9056 6041 3124
4 293 2470 945 7589
4 4328 3169 3517 1228
4 6256 7575 2484 6292
4 6785 3136 9325 3930
4 4684 9023 1744 3700
4 5684 9238 7016 5425
4 1368 1418 9634 4959
4 6978 7386 1194 3852
4 5812 2463 3742 5998
4 7599 2733 7384 9316
4 5077 5693 8230 2000
4 5328 5388 994 9222
4 6339 7959 8523 9564
4 1611 9918 3606 589
4 2167 2255 2359 6566
4 698 6453 9072 3329
4 6068 6670 3714 6333
4 821 3991 6116 2691
4 247 7069 9090 6589
4 3213 9366 3998 4268
4 9858 5709 8760 3358
4 2738 2366 4812 437
4 3657 8605 1634 1193
4 2969 9374 3725 5942
4 7089 3733 5986 8874
4 4314 5377 233 9005
4 2968 1262 1718 1175
4 248 7237 9690 4896
4 1970 9971 4880 8618
4 6564 4535 2077 7285
4 2086 434 6716 3913
4 2762 8094 6760 5317
4 9454 6831 2461 3713
4 5100 6269 5722 835
4 5290 4124 5773 6046
4 5645 2044 8599 352
4 3026 7918 6913 9112
4 6427 9660 8031 2207
4 7071 5126 9828 6445
4 9539 9356 8334 5743
4 8964 3181 2060 6856
4 9545 4756 175 8069
4 2224 5132 5475 3223
4 5595 4525 3835 3258
4 8549 5221 6352 4832
4 9495 9647 4360 7436
4 8157 6749 1446 3812
4 5456 5821 2512 5739
4 3666 1462 6609 955
4 9872 9981 7007 5501
4 9474 2164 81 3420
4 3424 940 3682 5461
4 3919 6208 4769 4331
4 8041 9593 9901 9837
4 7542 2202 5644 9575
4 431 6323 1739 1557
4 952 3785 6519 5481
4 9209 700 4942 702
4 8733 8884 5852 207
4 4011 230 8979 8170
4 5796 70 7172 2681
4 5881 8202 7141 9980
4 9755 9885 5794 9079
4 4405 1230 9860 314
4 6520 7149 4323 8430
4 1125 7214 8894 9452
4 8627 3121 1093 1884
4 4763 4389 9670 8348
4 3668 3918 5143 6582
4 6506 4734 9978 3049
4 2852 5078 2130 3597
4 1637 6432 5267 9891
4 4725 9016 2951 3457
4 8432 6081 4266 8351
4 3115 1848 4168 9265
4 3679 7722 8325 2099
4 5385 6654 2932 2886
4 5263 223 8338 5029
4 9956 1523 115 1488
4 2961 8586 8595 8545
4 6480 968 8188 8924
4 9129 1922 6782 4528
4 8282 4557 8564 6275
4 3826 4921 4824 7148
4 592 8142 199 146
4 2716 9119 7498 8928
4 2381 9102 3280 6673
4 3367 7410 2841 7878
4 2949 9845 198 9771
4 2911 4229 497 8754
4 310 3172 3394 8107
4 1595 9876 5421 5622
4 8788 953 4386 2490
4 7254 5291 591 1719
4 4247 5092 4940 3381
4 1895 4866 5297 178
4 3614 9684 3701 9277
4 9746 8437 1494 9863
4 6253 2016 907 3973
4 6463 3062 6590 4098
4 4187 7691 138 1333
4 9493 3140 9896 9365
4 4922 4363 2201 7833
4 3954 657 6952 1762
4 8825 3853 5642 795
4 4508 9432 7926 114
4 2822 1171 6525 9600
4 2139 4473 4665 6858
4 6037 4235 2828 3162
4 8112 5178 7392 7426
4 156 1591 6848 7529
4 4109 6397 478 6812
4 101 4200 7853 2170
4 7820 4420 4992 5275
4 9516 2603 6234 3111
4 5424 3430 5371 6303
4 2560 2302 1322 9853
4 2789 4070 3880 7047
4 4467 6911 2112 5372
2 690 177
2 2602 5180
2 9582 7340
2 1506 3074
2 6032 6591
2 4739 5408
2 3234 1930
2 8735 3279
2 9293 9331
2 2198 4279
2 380 584
2 8346 3641
2 3240 777
2 4395 4990
2 7418 627
2 856 3164
2 2361 456
2 3933 6633
2 9760 4038
2 1213 8951
2 3783 727
2 9025 447
2 5510 7387
2 8205 9433
2 6577 5073
2 28 5941
2 3456 8035
2 8776 7446
2 4073 755
2 2236 1351
2 765 8766
2 8039 7807
2 8622 664
2 4461 735
2 3530 2324
2 3981 5949
2 7344 4068
2 1413 8995
2 4705 5478
2 3644 797
2 9379 2457
2 4481 9008
2 4494 1055
2 4862 4852
2 9708 2358
2 6056 8765
2 3310 1904
2 7727 6859
2 4493 5712
2 8552 4
2 8279 4123
2 6437 508
2 1173 733
2 2421 5240
2 2601 3877
2 2434 9117
2 1659 5797
2 3808 9108
2 1503 2271
2 465 6023
2 2698 8204
2 7120 692
2 1592 8312
2 8603 296
2 3131 1990
2 1225 4383
2 6916 8770
2 7898 325
2 7930 3301
2 4198 875
2 7026 501
2 3909 2885
2 4948 5356
2 9234 895
2 7433 8852
2 9114 974
2 6165 8053
2 8448 3941
2 6493 1753
2 9968 2149
2 5323 4976
2 4417 6491
2 25 3094
2 1566 8314
2 9800 5708
2 7886 6542
2 3560 5232
2 9339 361
2 6114 7247
2 9358 2680
2 3592 9204
2 3756 3884
2 3820 1916
2 7335 9172
2 3888 5920
2 3370 9595
2 3777 9775
2 3043 5376
2 3962 9603
2 4538 5
2 4069 4914
2 3958 8429
2 7431 5825
2 9698 3319
2 8390 3096
2 2782 8373
2 549 3275
2 8653 1541
2 4506 8811
2 4584 5230
2 6130 4476
2 9118 217
2 10 8953
2 6532 5992
2 2018 9835
2 5677 6345
2 1363 5220
2 4248 1236
2 7038 7676
2 1246 517
2 9960 4811
2 289 7629
2 3476 3630
2 9635 1347
2 1140 5633
2 8445 8885
2 2523 8922
2 7842 8602
2 2029 5714
2 2510 5731
2 5249 1221
2 9294 7176
2 1460 8500
2 4546 7556
2 8793 2577
2 5590 2052
2 4749 7024
2 2671 7594
2 2479 5168
2 8526 2621
2 603 472
2 3767 7336
2 649 3578
2 4745 2652
2 7310 8021
2 1652 2697
2 5636 8820
2 5775 4054
2 7514 2258
2 7021 1454
2 7825 4014
2 714 8987
2 6571 948
2 6405 3239
2 1797 8720
2 8575 8783
2 6739 8136
2 823 7329
2 6836 1160
2 6903 6683
2 2758 6605
2 318 6007
2 1240 1365
2 9431 3922
2 6449 2522
2 3251 1594
2 2276 2128
2 5671 8097
2 2109 5542
2 7655 6459
2 4699 677
2 8222 6313
2 2863 3471
2 5274 565
2 2058 5972
2 6631 7013
2 5401 7000
2 1694 9326
2 642 1900
2 4282 1695
2 6326 3712
2 7648 8961
2 6895 5969
2 5586 1003
2 2614 5331
2 7168 8269
2 421 4930
2 2053 3634
2 3575 8017
2 6549 6795
2 7042 4531
2 4633 9838
2 8377 6962
2 9372 8664
2 4747 4175
2 8721 2243
2 2362 1746
2 6722 8784
2 7534 4874
2 8668 9569
2 9659 1846
2 2027 174
2 5342 4111
2 2194 4817
2 6697 9386
2 7060 7424
2 3402 7421
2 2303 3044
2 645 2783
2 8725 3286
2 5365 8459
2 8293 2643
2 7835 9803
2 9224 9012
2 2345 7543
2 1273 2222
2 3316 4271
2 6176 6241
2 1847 7717
2 8615 538
2 4981 8593
2 8378 1622
2 6843 8981
2 1815 7341
2 6096 9291
2 8458 19
2 7510 8388
2 7662 8538
2 6473 757
2 6433 2415
2 8780 6498
2 5017 9962
2 2659 2218
2 7832 6063
2 9309 6656
2 3793 7331
2 4207 7578
2 7925 1357
2 585 2200
2 8748 4532
2 1669 5919
2 2820 9486
2 5650 6402
2 9588 9511
2 1002 2051
2 3272 9462
2 5959 9754
2 5202 3355
2 8950 9069
2 7650 3942
2 5156 8989
2 130 1579
2 837 8394
2 7738 5808
2 7165 5667
2 3054 5596
2 3298 7186
2 4051 2487
2 9524 7666
2 1319 9212
2 2963 8192
2 2299 9790
2 5211 6866
2 6126 3652
2 5264 1331
2 4572 7967
2 8923 1264
2 1550 4192
2 8751 1635
2 7222 3746
2 5204 3883
2 8550 3792
2 7255 6583
2 4372 302
2 9773 8917
2 5286 5253
2 3287 6873
2 483 9428
2 6611 8916
2 6790 2397
2 8681 1243
2 5231 8175
2 7028 9656
2 3499 1081
2 8834 2923
2 1254 9795
2 5874 5678
2 1419 1850
2 722 2443
2 2967 3911
2 37 4795
2 6763 2777
2 1549 8365
2 5375 7044
2 5477 1393
2 3051 9788
2 1414 1569
2 7749 3931
2 8328 8151
2 1821 427
2 7440 6933
2 4755 1119
2 2628 3224
2 7812 669
2 4238 7244
2 2120 737
2 9556 4846
2 4787 7360
2 8672 228
2 1478 2972
2 5799 7230
2 6344 1174
2 3106 7226
2 5950 9560
2 6034 8004
2 2263 9729
2 6016 8056
2 7708 4390
2 8002 2508
2 7157 7891
2 2292 1556
2 6956 1458
2 1842 4134
2 6655 4252
2 5772 486
2 1893 5012
2 4631 1471
2 2905 5612
2 3900 9877
2 1768 4410
2 9642 1330
2 2152 7461
2 4888 6758
2 560 7540
2 9723 4772
2 1565 1883
2 3145 5657
2 769 3265
2 2062 2688
2 249 3569
2 743 1759
2 2991 1082
2 5049 578
2 1536 2507
2 5251 6214
2 9082 8521
2 556 2228
2 3766 3979
2 6769 4639
2 7881 398
2 914 1353
2 386 5768
2 9205 4845
2 3650 9849
2 5627 2019
2 5237 5931
2 6382 9848
2 2296 424
2 9688 3813
2 1817 6603
2 7647 4166
2 3396 3704
2 9683 294
2 2705 8692
2 5437 8728
2 4224 7702
2 1384 3237
2 4101 7874
2 7709 388
2 1952 824
2 222 6103
2 5111 2333
2 4470 6450
2 4272 1349
2 1184 103
2 5793 422
2 6107 1432
2 9897 2023
2 5036 4651
2 6122 2282
2 5817 6418
2 1730 7810
2 5129 1137
2 8782 1501
2 1289 1792
2 3498 7951
2 3617 709
2 2881 5654
2 2754 845
2 7486 8247
2 4035 859
2 850 7116
2 2731 2032
2 8482 6348
2 7070 7566
2 3328 7078
2 9675 1189
2 5705 2357
2 8292 8165
2 5513 3219
2 7625 9618
2 3031 739
2 1765 9576
2 2452 6040
2 4092 995
2 5503 4991
2 8881 6733
2 4354 5250
2 9898 4541
2 7858 9911
2 6398 5886
2 7054 1948
2 9093 7798
2 3955 5815
2 1265 2903
2 5802 6751
2 1126 894
2 412 5819
2 5869 7363
2 1755 3929
2 9153 9557
2 7597 8065
2 6714 9134
2 7618 4997
2 1918 4226
2 3040 9243
2 9758 8514
2 9221 6981
2 6512 7927
2 6104 4860
2 1981 3035
2 2978 341
2 4988 5832
2 4071 4308
2 2555 5828
2 9935 8158
2 2715 5564
2 8200 6097
2 2604 5871
2 3907 5635
2 6198 5357
2 3871 8956
2 3473 7518
2 2310 5987
2 4116 206
2 2837 9274
2 6607 5855
2 6033 7202
2 2002 3090
2 9146 8786
2 2884 6192
2 6522 5484
2 2592 6448
2 507 6266
2 8249 187
2 2880 4189
2 1266 4884
2 3861 9068
2 1208 2450
2 3732 9406
2 8086 4935
2 8909 2001
2 1430 8096
2 693 8353
2 2810 6249
2 4617 3520
2 2208 5847
2 3786 4920
2 9156 8208
2 9077 3620
2 5778 4868
2 6156 2670
2 7117 4227
2 6920 9741
2 5392 9964
2 8673 6686
2 1689 899
2 8121 9355
2 1447 2166
2 8873 2766
2 5083 7361
2 93 8336
2 4825 3691
2 1495 9608
2 660 5588
2 2889 9544
2 7773 3320
2 7423 3872
2 683 9476
2 5521 4602
2 7434 2026
2 2413 1732
2 1128 647
2 5054 1708
2 9562 1856
2 6359 6379
2 8579 5127
2 9257 3017
2 1685 786
2 3097 5599
2 8626 6627
2 6201 3387
2 2625 9657
2 7287 3902
