172
2 13 484
2 349 172
2 333 159
2 282 407
2 131 77
2 454 337
2 487 380
2 24 353
2 447 90
2 219 430
2 121 272
2 228 433
2 311 38
2 469 275
2 51 19
2 208 168
2 48 160
2 465 44
2 113 371
2 315 390
2 198 58
2 342 180
2 222 466
2 331 17
2 164 151
2 360 95
2 398 103
2 343 291
2 167 213
2 296 112
2 49 91
2 323 205
2 474 57
2 483 40
2 471 255
2 350 126
2 179 425
2 254 206
2 243 150
2 440 55
2 197 71
2 182 68
2 6 327
2 387 442
2 432 122
2 472 220
2 476 108
2 399 468
2 240 381
2 258 156
2 276 401
2 144 165
2 169 158
2 423 405
2 284 324
2 300 109
2 54 233
2 341 477
2 72 196
2 67 139
2 96 273
2 80 314
2 400 70
2 128 344
2 348 358
3 29 0 178
3 435 347 494
3 85 56 226
3 140 422 69
3 15 429 351
3 171 75 98
3 225 485 392
3 50 137 74
3 420 438 368
3 153 217 459
3 481 127 376
3 34 285 244
3 492 194 280
3 46 336 119
3 129 416 382
3 189 463 462
3 203 32 268
3 424 1 163
3 374 419 204
3 20 301 357
3 498 201 170
3 64 250 114
3 62 184 410
3 12 241 354
3 66 441 191
3 295 456 237
3 473 136 216
3 366 181 302
3 362 185 361
3 338 421 437
3 457 107 278
3 377 148 402
3 375 82 135
3 417 414 281
3 125 304 309
3 355 496 346
3 149 242 495
3 8 100 195
3 313 444 379
3 157 18 124
3 4 439 253
3 345 232 104
3 209 115 199
3 393 211 97
3 218 9 307
3 202 183 223
3 259 3 227
3 16 470 292
3 326 297 92
3 406 365 10
3 312 426 369
3 193 177 117
3 30 14 261
3 408 461 187
3 335 363 467
3 451 356 146
3 436 120 53
3 279 370 155
3 431 47 174
3 274 298 26
4 388 395 60 269
4 391 289 293 378
4 141 445 210 76
4 224 65 489 234
4 310 101 460 83
4 188 384 235 411
4 248 152 479 319
4 22 81 493 245
4 283 367 359 229
4 288 325 73 36
4 287 166 389 305
4 328 230 207 94
4 340 306 448 89
4 386 308 93 28
4 464 490 299 396
4 252 25 316 443
4 236 231 78 33
4 458 270 239 105
4 130 449 111 215
4 334 133 102 427
4 106 52 27 480
4 428 453 482 246
4 265 320 277 175
4 86 138 339 200
4 499 394 214 173
4 45 247 260 397
4 263 21 42 418
4 118 7 84 271
4 31 455 491 87
4 251 161 321 212
4 352 330 262 99
4 385 35 413 134
4 2 264 266 132
4 267 63 176 154
4 497 88 61 186
4 450 11 79 409
4 192 383 23 322
4 329 162 412 116
4 286 249 446 290
4 372 478 303 488
4 434 364 39 257
4 145 37 404 142
4 317 123 452 221
4 190 59 5 256
4 486 475 415 238
4 43 147 403 41
4 294 373 332 318
