1628
2 9615 4419
2 3192 5911
2 7348 8135
2 4537 420
2 8541 2914
2 7913 9411
2 8545 3068
2 3191 9517
2 7551 9511
2 2034 6135
2 7769 9097
2 9056 2634
2 8759 2747
2 5553 1612
2 20 3069
2 6731 1930
2 9636 4783
2 2247 4259
2 9700 7575
2 8282 4522
2 7866 8518
2 4825 9805
2 4956 6733
2 227 3829
2 9771 3756
2 2685 5090
2 4378 1607
2 301 8672
2 8139 1693
2 4455 426
2 6763 1436
2 7144 3918
2 4276 4199
2 1725 5306
2 6066 170
2 8374 337
2 1600 8472
2 7999 3215
2 1377 606
2 7178 6520
2 3119 1341
2 2683 4124
2 8649 4350
2 2040 1463
2 5519 4137
2 9970 9786
2 7245 8435
2 1242 1335
2 2659 5548
2 3276 7719
2 3071 7579
2 7725 894
2 4400 605
2 2961 7798
2 841 4154
2 1849 6109
2 7976 9051
2 9646 8075
2 6952 5211
2 5763 2915
2 3072 9510
2 8316 2543
2 6124 3378
2 9649 9670
2 9068 1545
2 335 1108
2 30 3023
2 6105 6044
2 549 775
2 1259 6548
2 3784 959
2 1641 2381
2 2064 8827
2 3780 6472
2 4756 7995
2 7294 5815
2 7979 5455
2 3755 3464
2 2067 5773
2 6203 5661
2 572 8995
2 8441 822
2 810 183
2 2416 7147
2 5700 3922
2 7815 8891
2 6606 1404
2 6054 6000
2 6796 1823
2 9773 8058
2 5907 3997
2 9618 8500
2 7466 8733
2 9357 61
2 8342 9966
2 7338 9705
2 8113 3242
2 2376 6780
2 2518 2729
2 4583 8587
2 782 92
2 8070 1469
2 1475 5865
2 8497 5847
2 224 6270
2 6306 3871
2 1633 9462
2 2417 2226
2 7889 4595
2 522 3512
2 3445 2796
2 5213 5459
2 9505 4071
2 2823 6250
2 5063 8904
2 5801 2229
2 7406 5225
2 4118 2075
2 5642 5104
2 765 433
2 4711 489
2 9606 4295
2 8624 2462
2 2060 4520
2 1998 8779
2 3994 112
2 7739 7994
2 2430 271
2 7513 793
2 7453 7795
2 9278 8385
2 5380 125
2 8164 645
2 6316 2141
2 6269 4696
2 9032 9904
2 4026 3533
2 3564 5515
2 8200 1418
2 6360 8689
2 1827 2837
2 6251 6604
2 1156 4836
2 6839 7619
2 9311 8062
2 5802 6362
2 2261 4616
2 3928 8106
2 4879 678
2 3312 5497
2 6447 7685
2 6206 5783
2 7136 8614
2 6868 6817
2 6927 9883
2 6782 6709
2 5892 9358
2 9543 5278
2 2372 3553
2 1683 7886
2 6397 2129
2 1294 7933
2 179 2935
2 2639 3929
2 1392 9310
2 1504 4615
2 5209 9549
2 730 7092
2 3338 4774
2 2532 7100
2 688 2345
2 3704 2952
2 3650 8422
2 9678 1706
2 5251 4032
2 802 6997
2 910 1182
2 1018 6859
2 6568 7163
2 3778 5777
2 7408 6932
2 4088 5820
2 3957 3580
2 206 1451
2 6409 6504
2 780 3695
2 8000 7993
2 4319 7455
2 7752 8943
2 5131 3100
2 6145 3874
2 2773 1173
2 8871 1398
2 4043 1447
2 2481 7365
2 6086 6546
2 4 4643
2 626 6332
2 6716 6629
2 8080 7424
2 3629 252
2 536 382
2 786 4619
2 4052 9594
2 2122 7213
2 374 6483
2 1645 2948
2 4155 5093
2 5567 6651
2 8049 4712
2 1063 2855
2 3649 7095
2 4342 6342
2 5898 7920
2 7819 4263
2 727 6215
2 537 3102
2 7531 6703
2 8449 9826
2 2768 3513
2 7061 8214
2 7910 8841
2 4491 9472
2 7567 3969
2 70 2656
2 6762 3461
2 9577 6024
2 9059 5939
2 1531 5089
2 3177 9124
2 2003 3791
2 5536 373
2 1654 8565
2 1613 6164
2 6097 968
2 7060 1536
2 9757 4175
2 5068 7942
2 7816 8390
2 6351 7347
2 6100 5780
2 4470 9465
2 5934 6223
2 8830 4918
2 9066 8620
2 4217 4751
2 2454 7260
2 7229 827
2 1582 1610
2 3366 2420
2 7467 4099
2 7120 4408
2 5983 1716
2 5177 1887
2 9421 4312
2 1869 7891
2 6038 4558
2 3750 3385
2 9841 5689
2 8865 6326
2 3909 2410
2 3612 8397
2 6369 942
2 4024 4352
2 1532 5394
2 6309 7640
2 120 9984
2 2603 945
2 7788 6294
2 8898 5574
2 2027 7724
2 6448 3642
2 9341 9000
2 96 8667
2 1734 110
2 5473 9589
2 7053 5698
2 4020 8180
2 9742 7473
2 2812 2330
2 2541 3890
2 3741 2943
2 4749 1169
2 8736 9941
2 5861 3522
2 6580 9298
2 6973 4349
2 3934 1519
2 6090 2289
2 9425 2148
2 6781 4706
2 2932 8241
2 1204 2975
2 9766 4758
2 1551 4582
2 8417 8513
2 7487 2713
2 6461 4330
2 9913 3975
2 9289 701
2 8071 5677
2 6802 1077
2 9292 6864
2 6599 8563
2 1509 6596
2 9457 3973
2 9443 545
2 6967 3876
2 8976 1005
2 526 1577
2 9149 2875
2 2440 1344
2 9947 7355
2 9107 2544
2 7613 4905
2 8355 8741
2 4453 1333
2 1818 614
2 4776 175
2 1730 7554
2 3743 7909
2 2432 5365
2 1814 3923
2 2985 5722
2 3082 2444
2 8247 8531
2 2347 5748
2 9304 5273
2 2268 2424
2 7893 4100
2 7367 5592
2 2233 1906
2 1934 821
2 1239 2748
2 4240 7875
2 229 35
2 5504 4014
2 233 9257
2 2000 2756
2 2575 8953
2 8415 6298
2 5843 5654
2 2023 6655
2 9336 1839
2 7430 3108
2 6979 8476
2 1965 7033
2 8057 8489
2 7152 3369
2 7021 6368
2 7549 1166
2 81 7343
2 1668 5779
2 1456 3819
2 4854 3924
2 8063 9697
2 8592 4061
2 7668 9611
2 5570 4813
2 6087 272
2 4374 7911
2 7059 6542
2 6200 3611
2 752 6903
2 7364 4331
2 9137 9175
2 9320 2866
2 9552 3471
2 3344 2607
2 9607 9306
2 7560 6057
2 9435 8149
2 6459 7411
2 7956 5523
2 7140 9992
2 1644 2724
2 1258 4417
2 5680 9922
2 3196 9878
2 2973 9146
2 1309 339
2 1269 1074
2 6275 2531
2 4427 1443
2 657 9840
2 2542 1282
2 5948 7341
2 9704 6584
2 2497 1175
2 4988 7748
2 7185 4207
2 5437 4239
2 9393 2036
2 4657 6873
2 65 2865
2 2447 260
2 4542 5687
2 3716 2114
2 9403 5884
2 6357 4902
2 2585 3739
2 2002 1659
2 5627 8025
2 4477 9774
2 6626 6725
2 9910 7501
2 2550 850
2 8302 4229
2 4123 8298
2 2262 1045
2 4322 637
2 5195 6423
2 8261 7159
2 3943 1643
2 6621 2332
2 7040 6469
2 191 2708
2 9516 2198
2 9778 1951
2 3352 80
2 3008 145
2 1866 9007
2 586 8019
2 5618 6274
2 6776 1754
2 5745 9626
2 9251 3146
2 5827 4512
2 6161 1748
2 5812 1102
2 8482 5668
2 3789 8102
2 7855 5193
2 4575 622
2 8039 1907
2 2719 4589
2 210 5335
2 1317 3527
2 6661 734
2 5198 9784
2 6028 9120
2 8184 410
2 630 3134
2 1374 5114
2 5935 5937
2 7507 5430
2 680 5342
2 1232 6003
2 1371 6441
2 7372 7638
2 7831 719
2 9547 4930
2 5610 5619
2 5760 8242
2 6059 7582
2 5525 6458
2 3669 8409
2 7844 4018
2 6431 9203
2 5880 5517
2 1981 6801
2 4353 6705
2 6117 9284
2 2159 1187
2 5754 9942
2 9436 970
2 7438 8147
2 1425 7596
2 9558 647
2 9590 3169
2 4959 6521
2 3709 1557
2 2505 3970
2 6920 3877
2 7901 9845
2 9340 5122
2 8572 2581
2 9884 6678
2 5272 5438
2 2898 6523
2 2095 8737
2 5917 9378
2 5313 2805
2 7413 1631
2 7481 838
2 2889 4112
2 8088 750
2 6266 8956
2 3278 9857
2 2978 5027
2 798 199
2 5956 237
2 4142 8763
2 8306 401
2 3361 7210
2 4978 7116
2 7807 1272
2 837 1581
2 3561 8783
2 4362 9796
2 3573 2535
2 265 939
2 8334 8659
2 8163 287
4 7094 6688 1795 1584
4 7955 3585 5660 3264
4 2178 7369 3380 1765
4 5675 2076 6791 8256
4 4496 3413 1808 9783
4 9201 7664 6254 9158
4 912 4265 3936 5318
4 5032 1065 8750 16
4 713 1529 5241 7647
4 1797 113 213 4587
4 7266 4518 2786 4805
4 9440 3583 6033 9020
4 7024 3566 2102 8646
4 9430 1698 2853 1348
4 5255 826 2307 6451
4 5527 8775 6559 7878
4 3897 5786 4750 9439
4 7717 748 5790 49
4 9709 4920 8095 1174
4 7738 1831 3432 6280
4 6344 4065 6860 2629
4 499 7817 8128 2277
4 1944 9362 6545 2057
4 7631 470 7421 6866
4 1336 9407 300 9014
4 6526 2001 6513 2551
4 2165 5814 88 5707
4 8889 9277 976 6015
4 9685 2868 7312 4913
4 1578 4348 3814 8739
4 7482 6892 9669 4261
4 4323 8993 7697 7301
4 4315 6292 1250 5399
4 201 7636 6263 5849
4 7938 476 6189 6687
4 7390 835 8670 3167
4 4132 123 4630 5491
4 3537 681 9266 4498
4 4298 909 8156 3758
4 9767 5652 8586 7464
4 2564 6310 7398 6122
4 8899 8392 582 4943
4 7593 4764 3367 9887
4 8100 2392 5860 8690
4 8835 6895 144 8475
4 5235 1028 3454 2598
4 1311 415 5932 3894
4 1280 7468 4559 8916
4 6411 9484 625 2269
4 4674 2510 692 117
4 5247 6185 7340 9047
4 5475 7584 9979 610
4 7563 342 8308 8023
4 4351 5162 1746 4370
4 6201 7098 9147 1426
4 7110 7392 1980 4326
4 408 6011 6786 2600
4 5112 9495 2317 6489
4 4922 7289 2369 2144
4 8925 8716 7389 9153
4 9996 7074 1629 9458
4 6463 772 6885 9271
4 4138 4460 6305 3763
4 6848 7974 2907 7030
4 8752 954 9674 3429
4 9249 5975 8014 5047
4 5584 6372 1639 498
4 7986 5719 2489 375
4 2449 7280 6184 7949
4 1046 8291 8640 9090
4 5903 2415 6686 3595
4 8820 4667 5665 7998
4 9211 6119 1507 8211
4 1825 5590 23 1066
4 1000 2094 4944 5220
4 3826 340 2834 7322
4 9624 2861 6984 6299
4 6541 8576 1566 7997
4 8758 5495 6074 8252
4 5301 6419 5881 7285
4 796 913 3880 5411
4 8639 1738 5486 5694
4 1920 7557 5822 3694
4 6242 7975 8303 7607
4 9579 3458 2037 3818
4 9872 326 4287 9538
4 3509 9851 7879 8423
4 4839 8173 8520 6825
4 1440 6303 5535 3040
4 1159 1799 9540 4759
4 8581 5993 9474 7204
4 631 5492 2193 9337
4 3455 1122 5602 2445
4 7388 540 9273 151
4 1078 5926 2242 5465
4 1211 2202 7621 2947
4 4846 6588 6564 8429
4 2694 4290 6323 7731
4 447 9875 3986 1127
4 7049 5980 137 7208
4 6405 6147 2401 7729
4 3335 9770 927 1149
4 9024 1054 2252 6287
4 1767 880 9735 548
4 448 4966 4585 8947
4 5928 5900 3886 2070
4 5688 9977 5329 5981
4 1300 2438 5203 197
4 3477 2911 8410 3947
4 1585 7243 9089 1945
4 9532 8821 2516 6884
4 4777 3152 9693 5006
4 7823 3609 4834 2794
4 5961 9915 3467 1851
4 8625 3711 7068 2290
4 4364 651 5231 7842
4 6260 7895 454 6018
4 2044 530 7783 9366
4 9206 7750 5755 989
4 7959 3310 8507 9987
4 9155 8223 9948 2509
4 7073 4804 3297 8268
4 9523 4543 2080 9375
4 2785 4069 7888 5832
4 2253 5386 459 5325
4 1885 359 4958 2282
4 4775 3475 3285 4737
4 2655 2434 7863 8738
4 4110 7666 2096 8877
4 6670 1249 2993 6101
4 3849 5041 5809 2822
4 6946 5573 781 4084
4 5724 9221 3099 4567
4 745 4851 2163 8244
4 4355 7983 3202 1414
4 1349 638 2633 5792
4 2254 5571 5838 7952
4 1484 8626 7958 9521
4 6728 1352 2717 4169
4 3321 338 1007 8810
4 5951 5664 5307 7943
4 6128 2382 803 7302
4 51 8616 1535 9061
4 4740 4555 8553 2211
4 9609 6390 4680 8535
4 3562 6021 4328 5293
4 5341 6061 4597 3325
4 1955 5056 3655 920
4 4886 4177 4849 4998
4 5156 3821 1847 8174
4 4299 4534 1155 9753
4 4338 2422 5067 4710
4 2339 7702 9882 6961
4 1109 5208 9880 7944
4 5902 5302 2215 3044
4 3466 5008 3979 608
4 3787 2622 7626 6852
4 998 1775 6008 6110
4 3038 2726 8359 6478
4 6569 2015 2348 8007
4 3581 2476 4684 7825
4 8846 244 8312 3415
4 5606 5604 9914 8861
4 7393 3149 5244 5921
4 6845 6988 5292 4662
4 5130 4755 2534 6186
4 7704 4992 5871 6635
4 891 6356 2879 8141
4 1714 2939 4464 6358
4 4031 613 1692 7519
4 6505 5636 9140 6627
4 1860 3208 5485 5913
4 1270 288 2903 634
4 6971 6023 2568 5552
4 4771 9848 1696 7663
4 3326 1828 7167 5408
4 9041 2890 6798 5312
4 364 830 2816 5659
4 5453 3122 4083 1802
4 7407 7791 2138 442
4 1237 1068 7242 1329
4 2010 2962 3696 5291
4 7436 3170 9506 4679
4 8612 9394 7840 8878
4 2735 356 3482 5151
4 4731 7763 2718 2686
4 1537 5022 5270 7773
4 8967 1781 9234 9256
4 8273 8636 7851 8886
4 1439 7845 7426 4717
4 2522 3266 6996 8704
4 5878 3972 4068 8849
4 6886 1101 6843 2610
4 7179 68 9817 1568
4 3473 6170 3944 5835
4 3652 2493 3314 4325
4 7561 3444 3359 9350
4 6826 279 7240 3246
4 5718 9677 1667 6904
4 1916 1796 1850 6634
4 3157 4788 295 1042
4 4484 2419 398 226
4 3137 6440 1395 7574
4 1956 2739 4702 4107
4 3012 9993 3856 9314
4 4637 1889 5561 6648
4 6167 8233 1012 4976
4 4152 4237 3181 3001
4 8951 5145 9144 7001
4 1923 1514 8234 561
4 2519 6007 1601 4760
4 1559 6940 7695 6556
4 9343 7203 3603 5281
4 3676 6683 4507 2963
4 642 7589 5886 2004
4 4857 2968 6089 6739
4 5262 1902 2089 9816
4 8776 5113 8618 2811
4 8087 143 5818 2251
4 4793 1454 6020 1563
4 3793 9782 7546 564
4 3738 1427 2797 4875
4 5930 5488 4704 7808
4 5456 6708 8884 4613
4 9239 2791 27 8169
4 5883 2882 9260 574
4 445 1649 6460 5092
4 7371 431 4255 7232
4 3593 2814 6388 4672
4 496 6053 1126 7737
4 1121 9963 5046 2116
4 4165 8238 2448 2602
4 8384 6503 8354 9971
4 5732 9989 8287 8470
4 6934 409 6799 1210
4 5072 3582 7490 5601
4 1985 3958 4848 7258
4 6396 702 833 3646
4 4089 1003 2586 204
4 6171 7735 6199 9101
4 8218 8801 8692 1700
4 1465 7160 3420 9349
4 9215 7339 5303 317
4 1319 9997 2625 6116
4 3727 7602 2966 8546
4 7270 1812 7906 8159
4 2442 2303 8790 555
4 6978 5200 6026 5058
4 8005 263 6918 8086
4 3124 9173 9513 4167
4 673 1768 5417 1778
4 7321 953 9308 6989
4 7320 3870 9062 325
4 4269 3558 4660 9451
4 6557 7576 5102 7189
4 5117 3354 6861 9667
4 4820 33 1478 5249
4 1632 3607 9317 2241
4 2131 5577 8265 5613
4 2643 2079 4832 3317
4 8772 4434 8388 3092
4 6822 6103 9446 3621
4 665 7924 165 7665
4 6162 7145 3318 8322
4 1546 8557 6040 6414
4 3730 6112 4300 2926
4 7043 2378 2506 1837
4 3933 5222 185 6831
4 9823 2204 3272 7688
4 3619 2379 509 3488
4 972 795 4266 1832
4 5107 8228 6589 1687
4 1421 6345 6863 3993
4 7968 8506 9570 8550
4 563 2039 5328 5746
4 1387 2167 7183 2123
4 1072 6700 5987 1198
4 6456 5053 8920 3647
4 7113 8440 8764 6220
4 938 1229 4739 8491
4 4532 1325 1286 2977
4 73 6407 6194 2523
4 3901 3851 7056 7344
4 3174 1492 4015 3577
4 9321 4633 4209 5910
4 4743 7684 2663 9844
4 6582 8232 8103 2324
4 7419 7537 466 474
4 503 5605 6959 5638
4 128 7745 6012 3913
4 5484 9214 282 8575
4 7504 7843 5396 3383
4 7435 7003 6714 1119
4 7217 1438 6488 6499
4 7262 2431 6815 6317
4 1092 3402 2670 6943
4 147 8845 5671 3428
4 2322 3930 9711 3989
4 5866 3056 1760 6933
4 4232 136 1848 3153
4 9355 1370 6221 3371
4 5224 7601 8177 9198
4 2495 9028 2270 8212
4 8514 2840 8777 6125
4 2293 5055 8683 7305
4 9254 3804 5494 5471
4 1976 9717 7654 7335
4 5245 8850 2906 5179
4 8485 9897 3408 2987
4 9694 8277 8679 31
4 8329 649 11 8452
4 6747 8832 4818 1355
4 1 7502 8648 5705
4 3302 4937 9165 2406
4 6730 6143 7852 7356
4 2972 4557 7522 1283
4 1615 5901 2146 5725
4 6381 5214 1867 9052
4 1124 5426 4568 5284
4 2839 9374 658 9953
4 6761 8240 1979 2849
4 1264 2041 1457 3316
4 6945 1895 5874 8651
4 3946 133 3232 3811
4 4253 6722 4860 4829
4 4725 3728 2173 2776
4 975 315 7015 9210
4 7274 6783 6429 1268
4 2673 6760 6518 5578
4 9631 2496 560 1914
4 8330 9464 7802 6399
4 7670 4172 4194 6325
4 6121 5105 5623 5774
4 1321 384 2850 55
4 7313 6935 3175 2913
4 694 5979 3996 4810
4 5115 1363 6692 8918
4 9849 2969 914 3520
4 8996 534 9602 9242
4 9990 3281 6157 7146
4 5710 3433 3720 2439
4 2620 4474 4468 7439
4 1299 2689 575 5514
4 670 4329 4490 5357
4 3304 6259 1277 8366
4 1373 6132 1455 5236
4 1375 2323 8270 2185
4 6617 2179 2043 1904
4 7641 4853 2192 6977
4 5823 723 9322 7839
4 849 223 2971 7080
4 5936 149 4996 5620
4 7441 643 3757 6618
4 5317 5372 3579 2328
4 4479 8807 9395 8697
4 7629 2394 6068 9116
4 1186 4695 9699 3658
4 2783 1888 603 4070
4 5708 2243 1060 6890
4 776 9400 2765 2074
4 5275 1608 5169 4402
4 9686 8132 715 9562
4 126 2338 2357 9969
4 4625 9610 9084 2525
4 3048 481 532 9824
4 9359 3623 9586 2230
4 6536 726 176 7154
4 7592 3631 4038 4508
4 1576 1172 9682 3478
4 4525 6612 2082 5479
4 9345 8083 9664 8857
4 7222 8957 352 7283
4 6138 5476 4001 4424
4 456 5617 180 5904
4 6214 4624 9291 7792
4 8666 2486 1834 8561
4 663 8466 7885 2653
4 8325 8343 7683 6030
4 5588 3556 8895 2503
4 2375 3613 9485 8281
4 8751 6793 9861 885
4 7311 7829 6144 2407
4 9660 8676 6070 1351
4 1116 2664 4223 1103
4 9533 6561 9885 3725
4 5996 6045 7698 1243
4 5784 6410 5741 2035
4 9136 2409 1695 4596
4 5466 4215 3770 8853
4 4395 5153 1254 7818
4 7691 2181 3976 1106
4 4997 9113 3460 6236
4 501 6766 3315 7215
4 7366 7723 9633 2831
4 8979 5729 9183 7964
4 3171 7429 523 2390
4 7456 8432 3917 1912
4 5751 1922 8457 2967
4 4027 6264 6331 8794
4 7166 1275 8804 1207
4 7281 9302 4735 3419
4 9197 2384 4310 1562
4 3470 618 7616 8120
4 7019 4317 3128 6858
4 5960 6947 4093 3006
4 6163 3749 331 6443
4 5819 9661 9379 9352
4 708 9936 7176 4451
4 3868 4742 9994 6645
4 7249 4769 3144 8609
4 9866 9515 1574 9572
4 9373 9274 2892 1515
4 1476 7193 4888 9217
4 9834 8144 7047 4443
4 2311 6789 2056 4098
4 192 6329 4441 8543
4 5370 5810 3292 8197
4 7076 3396 8469 4980
4 8126 6340 7363 4819
4 9098 7276 9223 3729
4 2256 4727 1790 597
4 6383 2232 7615 4919
4 1383 4023 4219 3293
4 1688 2177 2517 5594
4 915 8512 6794 4096
4 7425 2104 8176 1366
4 8420 6417 4246 189
4 2137 5186 4726 9765
4 7634 1460 2508 8264
4 5403 8782 5212 4347
4 3289 1190 870 8658
4 6531 5908 2467 3250
4 3493 8248 3244 6512
4 381 5073 6403 7847
4 941 9578 3875 6302
4 5167 6765 8345 2934
4 281 6153 3591 996
4 4134 1747 5829 7097
4 2608 7508 4977 6844
4 8224 7479 1957 4608
4 1953 8822 5254 6126
4 7588 5923 3384 6404
4 4042 1791 3027 4521
4 3700 8879 2249 9937
4 5263 7810 6346 4873
4 6174 1772 2632 4318
4 4085 7772 1206 8402
4 9659 9592 1627 3416
4 840 9741 7028 925
4 274 2547 9483 4205
4 9370 8927 4499 7139
4 686 2942 4635 2065
4 5295 5314 3764 2854
4 7273 9252 9497 8052
4 3231 3892 1419 435
4 4297 1070 6052 1353
4 5387 2984 1909 3406
4 5782 7996 2619 5356
4 1015 9479 1723 7922
4 7730 5776 5991 8119
4 1838 9696 2824 5897
4 8691 1267 5347 7316
4 3290 7498 8711 1324
4 1494 4458 1567 7399
4 9162 1710 1926 7876
4 2195 7328 8428 5733
4 619 679 6136 7378
4 5084 6901 9103 7330
4 6077 5651 5433 4136
4 1931 6908 7708 8600
4 7345 8012 3093 9193
4 4289 8046 3952 6990
4 8078 1461 3197 5238
4 9363 1025 173 393
4 8043 8681 8866 7756
4 4185 4067 2944 3298
4 9520 1657 602 7201
4 3681 2126 1014 3949
4 562 9727 3905 3269
4 2078 8594 7962 7157
4 8059 767 3347 3209
4 5217 190 4241 4535
4 9009 8188 5644 177
4 5059 8815 962 5230
4 8795 7350 4383 42
4 5509 8350 94 6319
4 5315 2092 511 1218
4 5943 9333 8931 8774
4 318 1241 7651 3762
4 5320 414 2207 8454
4 5358 3540 7017 4864
4 1815 6058 4844 3808
4 8999 2777 368 7727
4 3104 5969 3009 285
4 2579 4833 2336 2502
4 6376 5799 889 2852
4 9039 4963 4692 5140
4 1208 3883 1215 444
4 5915 9228 7486 6377
4 4560 9905 7699 9956
4 2597 4917 4850 8015
4 6412 4302 2458 7555
4 2353 8710 5848 6572
4 3615 6530 5582 9676
4 4078 9634 4945 3636
4 3226 8299 6010 5984
4 6284 7871 2867 3379
4 895 1040 3604 5662
4 4064 6491 4621 163
4 628 1228 2389 1487
4 6694 8755 2644 2877
4 264 8434 7484 947
4 9747 7624 5964 733
4 824 3437 2994 4806
4 584 5304 8757 6370
4 9797 1564 5429 1199
4 9982 1435 3633 6998
4 7250 5766 4036 1214
4 8502 6916 7079 7257
4 1978 1523 5813 4566
4 6527 8989 3417 9194
4 8570 9138 4459 1678
4 9681 9518 4415 3794
4 9554 7119 6636 7027
4 9318 6639 164 818
4 6875 6870 2830 2312
4 9843 4882 6129 8948
4 6810 6001 3050 8583
4 8851 1020 4025 6808
4 4369 1870 4049 3648
4 3599 4822 9940 7130
4 6102 6854 6805 2461
4 1491 1360 566 5978
4 8304 9772 4910 3882
4 6829 3498 3939 7103
4 7463 1660 1350 8386
4 7219 8050 4075 514
4 4091 754 7069 9870
4 9247 6913 3067 8462
4 923 3751 5742 5959
4 129 6923 7494 4103
4 4631 8447 3374 7608
4 2222 261 2588 4157
4 4416 6664 8526 5740
4 1179 757 9145 2999
4 3091 6365 5555 8407
4 9388 76 5505 1420
4 8544 8799 6450 220
4 1354 8760 6158 9591
4 900 861 6470 8813
4 7452 3400 7065 3125
4 6698 9301 6915 5649
4 2829 6665 8121 5769
4 8123 2687 1690 2038
4 2435 1376 3249 6013
4 9804 2154 3220 6671
4 2661 8555 2427 7696
4 9401 53 3339 6644
4 1158 2774 755 4986
4 5048 3151 7269 9998
4 9733 2937 9468 6660
4 760 3500 1745 7858
4 3294 2272 3300 6455
4 2016 3274 2690 2514
4 3130 9094 3106 2263
4 3474 666 6177 8288
4 5206 3813 4485 4380
4 3463 9688 4842 7539
4 4688 7722 7655 2988
4 4445 6755 4880 2902
4 2346 198 590 6113
4 893 5890 7107 4116
4 7868 2237 646 3079
4 8589 8817 7935 8796
4 1541 2842 8371 6182
4 8579 4144 7415 7351
4 2471 8902 4519 8729
4 4163 1602 8337 867
4 134 7212 9004 3502
4 7368 2799 544 6930
4 4186 9737 743 2436
4 4368 7396 551 3427
4 2869 9460 7309 9276
4 2280 4665 7148 3863
4 7171 9195 5401 2734
3 8876 9891 9236
3 2048 4178 9275
3 2949 3230 5049
3 208 7349 7614
3 8901 8740 1039
3 3486 4248 7444
3 1240 8992 9613
3 6657 5699 6547
3 9927 1528 4548
3 3279 3885 705
3 8230 4324 979
3 9899 2894 9813
3 6812 1389 4143
3 4188 4663 8802
3 3121 1786 9168
3 3873 2631 4422
3 8952 7226 5135
3 864 5461 4900
3 6313 4120 3405
3 8965 1330 2599
3 8585 3984 3801
3 8800 8655 7220
3 5252 964 3539
3 1640 9574 4790
3 6607 2578 811
3 2087 5950 9930
3 3159 7327 5100
3 6107 2203 1385
3 4766 8183 64
3 7571 2234 5639
3 7660 5309 6924
3 1378 1675 8196
3 3625 5947 9939
3 773 4752 955
3 1513 5791 6176
3 9181 8347 7386
3 7025 9831 4923
3 573 7191 2938
3 7247 8582 1810
3 4153 34 8998
3 3188 6640 211
3 8040 7155 6741
3 5371 9964 8950
3 9432 4079 284
3 8219 4826 8864
3 4336 7238 6616
3 1737 5679 4738
3 6285 2996 901
3 2306 7801 3848
3 2150 9253 1024
3 7353 434 8761
3 844 6693 6814
3 8332 552 7785
3 1620 3992 2878
3 1342 9695 3234
3 4011 4030 1483
3 9957 4279 3239
3 5405 9029 2923
3 2501 4196 846
3 3916 1434 8562
3 9135 5524 9367
3 3081 8882 6680
3 9207 3462 6772
3 6002 9890 5051
3 8934 3668 6146
3 3641 8987 5009
3 1176 1091 3381
3 8076 616 6752
3 482 3891 4082
3 5210 6899 7470
3 7012 1666 2279
3 9142 3790 5634
3 4748 2795 6676
3 8503 3301 2240
3 1390 2127 9058
3 377 8237 59
3 7597 1836 7066
3 4732 9798 9408
3 4181 4798 5351
3 5071 5481 7055
3 5585 3555 905
3 2997 8983 3506
3 7985 3229 3309
3 9651 9932 5028
3 1877 4141 9638
3 2299 367 7918
3 6656 8907 54
3 17 9406 8954
3 3942 5355 2787
3 519 1034 4753
3 9909 9729 5502
3 7720 4807 52
3 6009 9690 9205
3 2681 3116 2305
3 3348 3323 9839
3 5927 3614 8305
3 8797 4647 4250
3 9441 4425 732
3 8202 3267 3101
3 9666 9127 9725
3 7029 1231 4838
3 538 2174 8433
3 3394 6367 4506
3 7692 7004 525
3 3571 5646 8467
3 9718 6506 1027
3 8295 1217 6349
3 5778 372 982
3 7757 7747 3836
3 5562 7239 7705
3 3534 9898 5931
3 6494 8310 2591
3 3391 7870 2974
3 1113 8280 2397
3 5554 9473 1431
3 3083 3387 641
3 48 6625 336
3 471 6594 3835
3 5367 4191 4785
3 2337 5807 620
3 10 5012 8788
3 580 2393 1617
3 7051 5781 3468
3 4346 7096 4594
3 1685 9248 6210
3 3407 4421 5248
3 9785 9561 1117
3 2112 3393 1226
3 8727 3543 9178
3 508 22 4658
3 5520 8515 5544
3 9668 7586 9392
3 4372 2081 5290
3 7063 1013 9585
3 6983 2721 4991
3 4531 8869 4008
3 1948 9001 6894
3 5178 8686 1191
3 9871 1071 3746
3 5586 814 7860
3 8842 960 9177
3 2107 992 3000
3 1449 2414 9641
3 3690 856 8939
3 9128 2153 9123
3 4314 8971 9531
3 4171 7512 5139
3 6502 2562 6610
3 6912 3710 3018
3 9983 5772 3
3 8431 5192 8267
3 8064 3991 1712
3 9675 332 7471
3 5853 5868 779
3 3275 3247 8317
3 3589 4821 5204
3 2931 3850 2398
3 8848 4004 1503
3 2055 3733 90
3 9171 5607 5285
3 785 1271 9810
3 3663 1511 3842
3 8220 9227 2097
3 5691 1315 3548
3 26 1429 5377
3 9967 7503 2374
3 8564 1792 6995
3 8077 2821 243
3 3702 5876 854
3 1813 594 3951
3 2749 1064 3430
3 9986 986 4044
3 2370 535 737
3 3223 9414 485
3 6160 7380 674
3 6354 8276 843
3 1603 8226 8823
3 9185 4983 4516
3 9288 8816 5726
3 4119 2245 7278
3 2208 3796 8477
3 9811 6715 6732
3 5106 7216 9598
3 2836 777 8486
3 6276 4859 659
3 2887 1428 3097
3 4435 9684 9334
3 3088 5233 8814
3 689 9921 7315
3 937 6898 3218
3 3955 5545 4497
3 3898 3773 6454
3 4367 4206 8074
3 8887 4294 6262
3 5406 169 2630
3 6444 887 3708
3 5467 5288 1548
3 1365 2480 3519
3 6338 5882 5168
3 5448 2709 859
3 7700 693 6942
3 5709 2613 2606
3 9480 1901 2351
3 3112 5992 7292
3 2677 8341 6777
3 8972 3070 2611
3 8881 196 3675
3 7566 111 6726
3 667 2989 7337
3 7873 5400 1051
3 7865 8285 36
3 6972 4090 3592
3 2300 9071 6712
3 877 1244 8117
3 5695 1625 9629
3 3686 9530 8436
3 1709 5593 1029
3 8349 5045 2669
3 2479 958 8533
3 815 3245 7324
3 3768 8542 9985
3 2698 7376 4957
3 2758 7760 7869
3 2676 1594 1588
3 6987 8389 4007
3 1052 3830 4280
3 2682 919 8863
3 2469 5873 1022
3 7969 6832 21
3 3608 8484 4971
3 5566 9299 1673
3 5770 4927 1367
3 1194 1298 7357
3 6098 1918 7755
3 1905 1862 1553
3 9536 1305 3697
3 1962 6630 4765
3 9399 2960 2755
3 2626 1396 6225
3 6385 3204 5334
3 4729 7067 5223
3 3568 4690 7035
3 5034 6631 5556
3 2186 9338 9074
3 5912 4641 9504
3 9763 4488 3896
3 8726 2168 6481
3 8536 5682 8591
3 2537 1314 142
3 7169 9750 6243
3 6756 4454 8401
3 4272 9433 5657
3 3797 3960 805
3 2162 8784 1202
3 969 6322 1115
3 7174 1826 1165
3 8590 8451 8373
3 7287 9835 9787
3 6239 9391 756
3 2732 1736 8661
3 4565 5942 6887
3 6391 3094 2217
3 4102 533 1316
3 1987 506 8961
3 7190 3331 9673
3 8408 4384 6643
3 4601 362 4538
3 644 4649 936
3 2421 3507 7000
3 6257 8685 9180
3 1200 7500 857
3 9923 4770 9148
3 6926 7509 6834
3 2285 5060 2358
3 5648 8403 3494
3 2201 9003 5616
3 1501 9045 9100
3 2161 1702 741
3 3601 3032 4627
3 4744 1417 8748
3 7319 316 1448
3 7442 9931 1485
3 8911 4721 1875
3 6392 1445 5136
3 7058 7177 513
3 221 9622 8201
3 7314 5611 2858
3 4904 4703 172
3 5630 8204 8525
3 1780 4669 2318
3 7973 6258 2680
3 2723 5362 8439
3 1682 280 9259
3 41 8400 1762
3 5011 8559 7568
3 9526 4267 2570
3 9943 480 2792
3 4446 7462 7793
3 8669 1915 7947
3 5095 7572 7535
3 9991 5385 2704
3 7820 1967 7767
3 158 7826 5333
3 3514 9225 217
3 8464 2563 4373
3 7132 3815 684
3 3667 2007 4584
3 5711 60 3884
3 3965 4244 2722
3 9319 9852 9564
3 6902 251 2011
3 9808 8700 3586
3 9911 3941 8301
3 6529 3143 354
3 7834 2142 2399
3 2221 9255 9085
3 7661 2209 194
3 2555 4180 1055
3 9888 7400 1446
3 7707 5625 2666
3 319 4418 3206
3 5463 5454 1193
3 4716 5279 5088
3 1817 3617 4852
3 4426 5185 6484
3 2257 8172 5938
3 7188 392 1100
3 8278 6213 9643
3 6550 7526 5546
3 4053 3795 2047
3 407 6479 7734
3 9285 6422 4847
3 2408 6249 1369
3 988 5373 4126
3 4028 4642 5538
3 6759 2536 8522
3 9955 3698 5793
3 8340 1572 744
3 7681 5800 9929
3 6485 4260 2512
3 9945 1496 6205
3 159 5946 4337
3 3368 7894 8033
3 9933 7420 1393
3 5830 7221 8900
3 350 4243 3526
3 5376 5116 8930
3 2418 7192 3747
3 7070 8495 2896
3 4964 6576 6919
3 1925 7775 5364
3 3211 4722 5064
3 5507 4377 240
3 1497 8786 7532
3 7008 738 8037
3 1722 8206 4778
3 1493 3222 3346
3 791 6856 9795
3 4659 4564 4467
3 9573 4612 6065
3 3123 8991 8746
3 6970 6779 9877
3 4866 695 8915
3 1958 6222 1651
3 7590 8792 8997
3 7126 1669 4617
3 9645 8510 4626
3 4815 5402 4689
3 3010 7721 3401
3 7856 7545 1313
3 831 8213 8623
3 5678 2278 2642
3 9827 9550 1147
3 4954 8693 3172
3 2235 4780 1784
3 7237 3889 3404
3 6031 4227 2403
3 6609 7042 2264
3 3193 9327 8605
3 6956 2343 1524
3 3861 8571 7559
3 2069 6537 6321
3 9751 1406 9232
3 5905 4901 7515
3 328 1893 1970
3 7682 9459 8275
3 8286 9303 9864
3 9980 7082 4158
3 5895 4730 1057
3 1986 7418 9053
3 882 8839 2507
3 577 1296 3718
3 9739 8093 1359
3 3927 3834 4489
3 7908 8205 8320
3 1997 6949 7728
3 4661 8092 161
3 6581 8145 7382
3 3673 3386 5157
3 9828 7375 855
3 2492 4376 7433
3 5103 7806 6517
3 4865 5626 1770
3 8687 687 3324
3 9368 6553 2326
3 8945 5379 2845
3 5894 7006 246
3 5259 2635 8424
3 3724 8988 3329
3 656 3964 3632
3 5207 4115 2288
3 9442 6877 9494
3 1539 1471 1671
3 7109 2143 5563
3 2675 2012 7577
3 2860 926 2872
3 9847 3862 1223
3 7954 8580 9226
3 8246 1871 9628
3 5044 5837 1452
3 4928 8271 2259
3 3360 8660 4678
3 3200 4012 8955
3 7307 6900 5109
3 9537 4212 8696
3 1318 8994 1133
3 4528 683 1647
3 9738 4146 4122
3 3847 4412 4881
3 102 403 6816
3 1285 4734 9348
3 1090 5197 6017
3 2361 4150 5289
3 621 6897 6751
3 1841 455 4478
3 1583 2577 9527
3 9944 4438 8859
3 7939 2604 3080
3 2636 313 7149
3 3077 8311 7111
3 5976 2182 6740
3 29 6820 9640
3 8803 3907 1134
3 5468 2678 3435
3 4202 8831 712
3 6042 8443 8558
3 2671 9038 917
3 8798 8868 7252
3 9231 4145 1759
3 5000 8628 8657
3 554 5667 8730
3 5526 3399 5641
3 5004 8858 1132
3 7656 1587 2468
3 3903 8935 3155
3 3560 2846 9016
3 4681 7246 2219
3 8315 3074 559
3 1972 6350 6937
3 3910 9371 8399
3 4733 5826 6434
3 3484 153 6957
3 1751 7932 9075
3 3434 3053 4249
3 2884 4345 7768
3 898 7018 5482
3 2158 7129 8459
3 7644 2715 8131
3 8765 8680 218
3 8829 9033 8008
3 6181 3142 1707
3 1301 8463 9756
3 2325 7253 324
3 2255 5267 558
3 3022 6401 789
3 6769 9212 2771
3 790 5111 7800
3 3505 9313 6108
3 5451 3085 5154
3 8153 3570 1099
3 6994 6046 9182
3 2200 8629 3594
3 6944 4048 2594
3 3672 4166 8109
3 2366 4578 4192
3 8604 8588 3776
3 8745 9679 4590
3 9293 3351 3635
3 7887 2549 1961
3 5889 266 1096
3 7445 9031 6062
3 9229 9748 3036
3 3148 8085 8444
3 2552 8650 9154
3 3492 7862 257
3 4603 1238 2520
3 6501 2930 6907
3 8880 3016 9934
3 950 2548 9569
3 4074 8426 7391
3 5265 720 676
3 6406 8924 5042
3 1896 3987 1960
3 5346 9312 5572
3 7749 2033 5854
3 2763 9023 9754
3 7821 5118 8227
3 9096 484 1721
3 1824 6969 8378
3 9512 8568 7306
3 9949 5052 9157
3 1328 2405 6371
3 1033 6577 5603
3 8619 1661 7645
3 8203 8528 2386
3 8198 2049 9903
3 3110 1764 9353
3 14 2691 2870
3 1897 7374 5560
3 7811 9850 1560
3 438 450 812
3 3499 7521 1510
3 6324 8944 2871
3 5079 9046 3760
3 9043 7454 565
3 39 3967 5922
3 2391 3377 6348
3 2789 4095 4311
3 6159 5126 8964
3 7477 3120 7081
3 8921 428 2919
3 7124 6464 9241
3 5596 8165 249
3 4247 6633 9141
3 8608 99 4723
3 5474 8368 3233
3 1609 83 8115
3 9846 9976 4039
3 2818 3693 3409
