172
2 441 423
2 420 369
2 333 286
2 252 197
2 196 190
2 97 93
2 35 28
2 482 326
2 300 165
2 47 33
2 12 454
2 421 330
2 322 315
2 306 299
2 279 256
2 21 14
2 1 492
2 414 358
2 352 334
2 212 189
2 154 86
2 17 7
2 495 484
2 462 443
2 410 337
2 319 301
2 266 213
2 182 170
2 158 156
2 141 120
2 73 72
2 64 11
2 486 475
2 463 452
2 451 448
2 434 376
2 371 350
2 329 310
2 298 264
2 261 234
2 221 210
2 166 155
2 113 111
2 108 52
2 48 38
2 0 499
2 498 473
2 455 445
2 439 433
2 430 419
2 409 405
2 396 387
2 385 367
2 360 356
2 324 320
2 311 292
2 288 277
2 273 271
2 258 249
2 240 236
2 231 219
2 208 199
2 193 187
2 181 175
2 147 61
3 60 34 20
3 19 15 5
3 497 474 472
3 467 459 449
3 447 444 442
3 438 437 431
3 429 427 424
3 422 412 407
3 403 400 399
3 397 394 392
3 391 388 384
3 375 364 362
3 353 351 348
3 345 336 328
3 302 294 283
3 278 276 268
3 263 242 235
3 230 225 218
3 214 203 201
3 192 188 180
3 177 163 162
3 159 149 139
3 123 121 117
3 105 99 91
3 90 89 71
3 65 55 31
3 24 23 18
3 13 10 8
3 6 3 494
3 490 468 461
3 460 453 450
3 446 432 425
3 411 401 395
3 390 379 378
3 377 373 372
3 365 363 361
3 359 347 341
3 339 332 325
3 307 304 295
3 289 285 284
3 282 280 274
3 269 267 259
3 254 251 247
3 245 244 237
3 233 226 217
3 207 204 200
3 198 195 186
3 185 174 172
3 164 160 153
3 152 151 148
3 144 138 136
3 132 129 128
3 124 119 116
3 115 114 112
3 109 107 106
3 104 101 100
3 95 92 81
3 80 79 78
3 76 70 69
3 66 59 56
4 54 50 46 45
4 44 41 40 36
4 32 29 27 26
4 25 22 16 496
4 493 491 489 488
4 487 485 483 481
4 480 479 478 477
4 476 471 470 469
4 466 465 464 458
4 457 456 440 436
4 435 428 426 418
4 417 416 415 413
4 408 406 404 402
4 398 393 389 386
4 383 382 381 380
4 374 370 368 366
4 357 355 354 349
4 346 344 343 342
4 340 338 335 331
4 327 323 321 318
4 317 316 314 313
4 312 309 308 305
4 303 297 296 293
4 291 290 287 281
4 275 272 270 265
4 262 260 257 255
4 253 250 248 246
4 243 241 239 238
4 232 229 228 227
4 224 223 222 220
4 216 215 211 209
4 206 205 202 194
4 191 184 183 179
4 178 176 173 171
4 169 168 167 161
4 157 150 146 145
4 143 142 140 137
4 135 134 133 131
4 130 127 126 125
4 122 118 110 103
4 102 98 96 94
4 88 87 85 84
4 83 82 77 75
4 74 68 67 63
4 62 58 57 53
4 51 49 43 42
4 39 37 30 9
